rosbagTimestamp,header,seq,stamp,secs,nsecs,frame_id,pose,position,x,y,z,orientation,x,y,z,w
1603972654162397736,,0,,1603972654,116779064,"""map_zed""",,,-2.071299048018338,-5.801084925139441,2.265172788934998,,0.00433822161037663,-0.025644645011421503,0.17255902234191955,0.9846557346727324
1603972654227448648,,1,,1603972654,183526064,"""map_zed""",,,-2.071299048018338,-5.801084925139441,2.265172788934998,,0.00433822161037663,-0.025644645011421503,0.17255902234191955,0.9846557346727324
1603972654294586664,,2,,1603972654,250279064,"""map_zed""",,,-2.071299048018338,-5.801084925139441,2.265172788934998,,0.00433822161037663,-0.025644645011421503,0.17255902234191955,0.9846557346727324
1603972654362045224,,3,,1603972654,317030064,"""map_zed""",,,-2.071299048018338,-5.801084925139441,2.265172788934998,,0.00433822161037663,-0.025644645011421503,0.17255902234191955,0.9846557346727324
1603972654428067688,,4,,1603972654,383911064,"""map_zed""",,,-2.071299048018338,-5.801084925139441,2.265172788934998,,0.00433822161037663,-0.025644645011421503,0.17255902234191955,0.9846557346727324
1603972654494540328,,5,,1603972654,450657064,"""map_zed""",,,-2.071299048018338,-5.801084925139441,2.265172788934998,,0.00433822161037663,-0.025644645011421503,0.17255902234191955,0.9846557346727324
1603972654561893032,,6,,1603972654,517401064,"""map_zed""",,,-2.071299048018338,-5.801084925139441,2.265172788934998,,0.00433822161037663,-0.025644645011421503,0.17255902234191955,0.9846557346727324
1603972654628093864,,7,,1603972654,584155064,"""map_zed""",,,-2.071299048018338,-5.801084925139441,2.265172788934998,,0.00433822161037663,-0.025644645011421503,0.17255902234191955,0.9846557346727324
1603972654695017480,,8,,1603972654,650906064,"""map_zed""",,,-2.071299048018338,-5.801084925139441,2.265172788934998,,0.00433822161037663,-0.025644645011421503,0.17255902234191955,0.9846557346727324
1603972654761783464,,9,,1603972654,717778064,"""map_zed""",,,-2.071299048018338,-5.801084925139441,2.265172788934998,,0.00433822161037663,-0.025644645011421503,0.17255902234191955,0.9846557346727324
1603972654829405032,,10,,1603972654,784529064,"""map_zed""",,,-2.071299048018338,-5.801084925139441,2.265172788934998,,0.00433822161037663,-0.025644645011421503,0.17255902234191955,0.9846557346727324
1603972654895645384,,11,,1603972654,851279064,"""map_zed""",,,-2.071299048018338,-5.801084925139441,2.265172788934998,,0.00433822161037663,-0.025644645011421503,0.17255902234191955,0.9846557346727324
1603972654963106376,,12,,1603972654,918029064,"""map_zed""",,,-2.071299048018338,-5.801084925139441,2.265172788934998,,0.00433822161037663,-0.025644645011421503,0.17255902234191955,0.9846557346727324
1603972655030277928,,13,,1603972654,984780064,"""map_zed""",,,-2.071299048018338,-5.801084925139441,2.265172788934998,,0.00433822161037663,-0.025644645011421503,0.17255902234191955,0.9846557346727324
1603972655096696520,,14,,1603972655,51653064,"""map_zed""",,,-2.071299048018338,-5.801084925139441,2.265172788934998,,0.00433822161037663,-0.025644645011421503,0.17255902234191955,0.9846557346727324
1603972655164121512,,15,,1603972655,118405064,"""map_zed""",,,-2.071299048018338,-5.801084925139441,2.265172788934998,,0.00433822161037663,-0.025644645011421503,0.17255902234191955,0.9846557346727324
1603972655230486760,,16,,1603972655,185155064,"""map_zed""",,,-2.071299048018338,-5.801084925139441,2.265172788934998,,0.00433822161037663,-0.025644645011421503,0.17255902234191955,0.9846557346727324
1603972655296608904,,17,,1603972655,251904064,"""map_zed""",,,-2.071299048018338,-5.801084925139441,2.265172788934998,,0.00433822161037663,-0.025644645011421503,0.17255902234191955,0.9846557346727324
1603972655362256872,,18,,1603972655,318653064,"""map_zed""",,,-2.071299048018338,-5.801084925139441,2.265172788934998,,0.00433822161037663,-0.025644645011421503,0.17255902234191955,0.9846557346727324
1603972655429592040,,19,,1603972655,385410064,"""map_zed""",,,-2.071299048018338,-5.801084925139441,2.265172788934998,,0.00433822161037663,-0.025644645011421503,0.17255902234191955,0.9846557346727324
1603972655496174696,,20,,1603972655,452282064,"""map_zed""",,,-2.071299048018338,-5.801084925139441,2.265172788934998,,0.00433822161037663,-0.025644645011421503,0.17255902234191955,0.9846557346727324
1603972655564202536,,21,,1603972655,519028064,"""map_zed""",,,-2.071299048018338,-5.801084925139441,2.265172788934998,,0.00433822161037663,-0.025644645011421503,0.17255902234191955,0.9846557346727324
1603972655630007976,,22,,1603972655,585783064,"""map_zed""",,,-2.071299048018338,-5.801084925139441,2.265172788934998,,0.00433822161037663,-0.025644645011421503,0.17255902234191955,0.9846557346727324
1603972655696645160,,23,,1603972655,652528064,"""map_zed""",,,-2.071299048018338,-5.801084925139441,2.265172788934998,,0.00433822161037663,-0.025644645011421503,0.17255902234191955,0.9846557346727324
1603972655763822120,,24,,1603972655,719284064,"""map_zed""",,,-2.071299048018338,-5.801084925139441,2.265172788934998,,0.00433822161037663,-0.025644645011421503,0.17255902234191955,0.9846557346727324
1603972655830882920,,25,,1603972655,786157064,"""map_zed""",,,-2.071299048018338,-5.801084925139441,2.265172788934998,,0.00433822161037663,-0.025644645011421503,0.17255902234191955,0.9846557346727324
1603972655897645512,,26,,1603972655,852903064,"""map_zed""",,,-2.071299048018338,-5.801084925139441,2.265172788934998,,0.00433822161037663,-0.025644645011421503,0.17255902234191955,0.9846557346727324
1603972655964823784,,27,,1603972655,919654064,"""map_zed""",,,-2.071299048018338,-5.801084925139441,2.265172788934998,,0.00433822161037663,-0.025644645011421503,0.17255902234191955,0.9846557346727324
1603972656030638728,,28,,1603972655,986404064,"""map_zed""",,,-2.071299048018338,-5.801084925139441,2.265172788934998,,0.00433822161037663,-0.025644645011421503,0.17255902234191955,0.9846557346727324
1603972656098604904,,29,,1603972656,53153064,"""map_zed""",,,-2.071299048018338,-5.801084925139441,2.265172788934998,,0.00433822161037663,-0.025644645011421503,0.17255902234191955,0.9846557346727324
1603972656165514568,,30,,1603972656,120029064,"""map_zed""",,,-2.071299048018338,-5.801084925139441,2.265172788934998,,0.00433822161037663,-0.025644645011421503,0.17255902234191955,0.9846557346727324
1603972656231673608,,31,,1603972656,186783064,"""map_zed""",,,-2.071299048018338,-5.801084925139441,2.265172788934998,,0.00433822161037663,-0.025644645011421503,0.17255902234191955,0.9846557346727324
1603972656298647304,,32,,1603972656,253529064,"""map_zed""",,,-2.071299048018338,-5.801084925139441,2.265172788934998,,0.00433822161037663,-0.025644645011421503,0.17255902234191955,0.9846557346727324
1603972656366737608,,33,,1603972656,320282064,"""map_zed""",,,-2.071299048018338,-5.801084925139441,2.265172788934998,,0.00433822161037663,-0.025644645011421503,0.17255902234191955,0.9846557346727324
1603972656432287048,,34,,1603972656,387028064,"""map_zed""",,,-2.071299048018338,-5.801084925139441,2.265172788934998,,0.00433822161037663,-0.025644645011421503,0.17255902234191955,0.9846557346727324
1603972656498525320,,35,,1603972656,453904064,"""map_zed""",,,-2.071299048018338,-5.801084925139441,2.265172788934998,,0.00433822161037663,-0.025644645011421503,0.17255902234191955,0.9846557346727324
1603972656566227272,,36,,1603972656,520656064,"""map_zed""",,,-2.071299048018338,-5.801084925139441,2.265172788934998,,0.00433822161037663,-0.025644645011421503,0.17255902234191955,0.9846557346727324
1603972656631662696,,37,,1603972656,587404064,"""map_zed""",,,-2.071299048018338,-5.801084925139441,2.265172788934998,,0.00433822161037663,-0.025644645011421503,0.17255902234191955,0.9846557346727324
1603972656698551336,,38,,1603972656,654153064,"""map_zed""",,,-2.071299048018338,-5.801084925139441,2.265172788934998,,0.00433822161037663,-0.025644645011421503,0.17255902234191955,0.9846557346727324
1603972656765829096,,39,,1603972656,720903064,"""map_zed""",,,-2.071299048018338,-5.801084925139441,2.265172788934998,,0.00433822161037663,-0.025644645011421503,0.17255902234191955,0.9846557346727324
1603972656832380008,,40,,1603972656,787788064,"""map_zed""",,,-2.071299048018338,-5.801084925139441,2.265172788934998,,0.00433822161037663,-0.025644645011421503,0.17255902234191955,0.9846557346727324
1603972656898733704,,41,,1603972656,854533064,"""map_zed""",,,-2.071299048018338,-5.801084925139441,2.265172788934998,,0.00433822161037663,-0.025644645011421503,0.17255902234191955,0.9846557346727324
1603972656965948168,,42,,1603972656,921278064,"""map_zed""",,,-2.071299048018338,-5.801084925139441,2.265172788934998,,0.00433822161037663,-0.025644645011421503,0.17255902234191955,0.9846557346727324
1603972657032587400,,43,,1603972656,988029064,"""map_zed""",,,-2.071299048018338,-5.801084925139441,2.265172788934998,,0.00433822161037663,-0.025644645011421503,0.17255902234191955,0.9846557346727324
1603972657099031880,,44,,1603972657,54780064,"""map_zed""",,,-2.071299048018338,-5.801084925139441,2.265172788934998,,0.00433822161037663,-0.025644645011421503,0.17255902234191955,0.9846557346727324
1603972657167958824,,45,,1603972657,121528064,"""map_zed""",,,-2.071299048018338,-5.801084925139441,2.265172788934998,,0.00433822161037663,-0.025644645011421503,0.17255902234191955,0.9846557346727324
1603972657233340424,,46,,1603972657,188406064,"""map_zed""",,,-2.071299048018338,-5.801084925139441,2.265172788934998,,0.00433822161037663,-0.025644645011421503,0.17255902234191955,0.9846557346727324
1603972657299682920,,47,,1603972657,255151064,"""map_zed""",,,-2.071299048018338,-5.801084925139441,2.265172788934998,,0.00433822161037663,-0.025644645011421503,0.17255902234191955,0.9846557346727324
1603972657370882792,,48,,1603972657,321909064,"""map_zed""",,,-2.071299048018338,-5.801084925139441,2.265172788934998,,0.00433822161037663,-0.025644645011421503,0.17255902234191955,0.9846557346727324
1603972657433473576,,49,,1603972657,388656064,"""map_zed""",,,-2.071299048018338,-5.801084925139441,2.265172788934998,,0.00433822161037663,-0.025644645011421503,0.17255902234191955,0.9846557346727324
1603972657500263656,,50,,1603972657,455406064,"""map_zed""",,,-2.071299048018338,-5.801084925139441,2.265172788934998,,0.00433822161037663,-0.025644645011421503,0.17255902234191955,0.9846557346727324
1603972657567265800,,51,,1603972657,522280064,"""map_zed""",,,-2.071299048018338,-5.801084925139441,2.265172788934998,,0.00433822161037663,-0.025644645011421503,0.17255902234191955,0.9846557346727324
1603972657634701256,,52,,1603972657,589032064,"""map_zed""",,,-2.071299048018338,-5.801084925139441,2.265172788934998,,0.00433822161037663,-0.025644645011421503,0.17255902234191955,0.9846557346727324
1603972657700913480,,53,,1603972657,655785064,"""map_zed""",,,-2.071299048018338,-5.801084925139441,2.265172788934998,,0.00433822161037663,-0.025644645011421503,0.17255902234191955,0.9846557346727324
1603972657767183400,,54,,1603972657,722528064,"""map_zed""",,,-2.071299048018338,-5.801084925139441,2.265172788934998,,0.00433822161037663,-0.025644645011421503,0.17255902234191955,0.9846557346727324
1603972657833661640,,55,,1603972657,789279064,"""map_zed""",,,-2.071299048018338,-5.801084925139441,2.265172788934998,,0.00433822161037663,-0.025644645011421503,0.17255902234191955,0.9846557346727324
1603972657901518952,,56,,1603972657,856152064,"""map_zed""",,,-2.071299048018338,-5.801084925139441,2.265172788934998,,0.00433822161037663,-0.025644645011421503,0.17255902234191955,0.9846557346727324
1603972657970158024,,57,,1603972657,922904064,"""map_zed""",,,-2.071299048018338,-5.801084925139441,2.265172788934998,,0.00433822161037663,-0.025644645011421503,0.17255902234191955,0.9846557346727324
1603972658035668520,,58,,1603972657,989656064,"""map_zed""",,,-2.071299048018338,-5.801084925139441,2.265172788934998,,0.00433822161037663,-0.025644645011421503,0.17255902234191955,0.9846557346727324
1603972658101334696,,59,,1603972658,56406064,"""map_zed""",,,-2.071299048018338,-5.801084925139441,2.265172788934998,,0.00433822161037663,-0.025644645011421503,0.17255902234191955,0.9846557346727324
1603972658168559848,,60,,1603972658,123151064,"""map_zed""",,,-2.071299048018338,-5.801084925139441,2.265172788934998,,0.00433822161037663,-0.025644645011421503,0.17255902234191955,0.9846557346727324
1603972658236476840,,61,,1603972658,190028064,"""map_zed""",,,-2.071299048018338,-5.801084925139441,2.265172788934998,,0.00433822161037663,-0.025644645011421503,0.17255902234191955,0.9846557346727324
1603972658301676776,,62,,1603972658,256775064,"""map_zed""",,,-2.071299048018338,-5.801084925139441,2.265172788934998,,0.00433822161037663,-0.025644645011421503,0.17255902234191955,0.9846557346727324
1603972658369776072,,63,,1603972658,323529064,"""map_zed""",,,-2.071299048018338,-5.801084925139441,2.265172788934998,,0.00433822161037663,-0.025644645011421503,0.17255902234191955,0.9846557346727324
1603972658436182536,,64,,1603972658,390282064,"""map_zed""",,,-2.071299048018338,-5.801084925139441,2.265172788934998,,0.00433822161037663,-0.025644645011421503,0.17255902234191955,0.9846557346727324
1603972658501880264,,65,,1603972658,457028064,"""map_zed""",,,-2.071299048018338,-5.801084925139441,2.265172788934998,,0.00433822161037663,-0.025644645011421503,0.17255902234191955,0.9846557346727324
1603972658569783784,,66,,1603972658,523904064,"""map_zed""",,,-2.071299048018338,-5.801084925139441,2.265172788934998,,0.00433822161037663,-0.025644645011421503,0.17255902234191955,0.9846557346727324
1603972658635820392,,67,,1603972658,590651064,"""map_zed""",,,-2.071299048018338,-5.801084925139441,2.265172788934998,,0.00433822161037663,-0.025644645011421503,0.17255902234191955,0.9846557346727324
1603972658701214760,,68,,1603972658,657408064,"""map_zed""",,,-2.071299048018338,-5.801084925139441,2.265172788934998,,0.00433822161037663,-0.025644645011421503,0.17255902234191955,0.9846557346727324
1603972658769108008,,69,,1603972658,724155064,"""map_zed""",,,-2.071299048018338,-5.801084925139441,2.265172788934998,,0.00433822161037663,-0.025644645011421503,0.17255902234191955,0.9846557346727324
1603972658835189064,,70,,1603972658,790903064,"""map_zed""",,,-2.071299048018338,-5.801084925139441,2.265172788934998,,0.00433822161037663,-0.025644645011421503,0.17255902234191955,0.9846557346727324
1603972658902142152,,71,,1603972658,857654064,"""map_zed""",,,-2.071299048018338,-5.801084925139441,2.265172788934998,,0.00433822161037663,-0.025644645011421503,0.17255902234191955,0.9846557346727324
1603972658970407688,,72,,1603972658,924534064,"""map_zed""",,,-2.071299048018338,-5.801084925139441,2.265172788934998,,0.00433822161037663,-0.025644645011421503,0.17255902234191955,0.9846557346727324
1603972659037256168,,73,,1603972658,991282064,"""map_zed""",,,-2.071299048018338,-5.801084925139441,2.265172788934998,,0.00433822161037663,-0.025644645011421503,0.17255902234191955,0.9846557346727324
1603972659103272008,,74,,1603972659,58029064,"""map_zed""",,,-2.071299048018338,-5.801084925139441,2.265172788934998,,0.00433822161037663,-0.025644645011421503,0.17255902234191955,0.9846557346727324
1603972659169314120,,75,,1603972659,124779064,"""map_zed""",,,-2.071299048018338,-5.801084925139441,2.265172788934998,,0.00433822161037663,-0.025644645011421503,0.17255902234191955,0.9846557346727324
1603972659235009960,,76,,1603972659,191525064,"""map_zed""",,,-2.071299048018338,-5.801084925139441,2.265172788934998,,0.00433822161037663,-0.025644645011421503,0.17255902234191955,0.9846557346727324
1603972659302279336,,77,,1603972659,258393064,"""map_zed""",,,-2.071299048018338,-5.801084925139441,2.265172788934998,,0.00433822161037663,-0.025644645011421503,0.17255902234191955,0.9846557346727324
1603972659370575528,,78,,1603972659,325156064,"""map_zed""",,,-2.071299048018338,-5.801084925139441,2.265172788934998,,0.00433822161037663,-0.025644645011421503,0.17255902234191955,0.9846557346727324
1603972659437625320,,79,,1603972659,391911064,"""map_zed""",,,-2.0690661874370764,-5.7948770149834505,2.262786543879581,,0.005230538611175882,-0.025262657862728174,0.17178334506390355,0.9847968937512971
1603972659503191976,,80,,1603972659,458654064,"""map_zed""",,,-2.064755029055463,-5.792534093093194,2.2620386143814697,,0.004700895953550178,-0.025868827967046027,0.17141037013928012,0.9848488159740866
1603972659570043784,,81,,1603972659,525403064,"""map_zed""",,,-2.057918320133665,-5.792273387806815,2.263151678198161,,0.0035146925422114813,-0.02574294894936609,0.17151687144895547,0.9848385199229803
1603972659638142472,,82,,1603972659,592280064,"""map_zed""",,,-2.05773505253488,-5.783788946237113,2.261444877299439,,0.0031455319458205946,-0.025719493314996733,0.16994331570575263,0.9851131319494897
1603972659703835336,,83,,1603972659,659025064,"""map_zed""",,,-2.053118490869058,-5.7833849452128625,2.2634466817621592,,0.0037604788944123166,-0.02558152170560229,0.17038912932742972,0.9850375572295459
1603972659770459080,,84,,1603972659,725780064,"""map_zed""",,,-2.04579813227128,-5.783172442618475,2.2651855627339637,,0.0046913769159213576,-0.025967715858490642,0.1711879855917159,0.9848849386120065
1603972659836879848,,85,,1603972659,792530064,"""map_zed""",,,-2.0380955710630846,-5.781809013608369,2.265461454966824,,0.00522198504784436,-0.025040487944736515,0.17119952310041528,0.9849042735849205
1603972659905069800,,86,,1603972659,859285064,"""map_zed""",,,-2.0278045748831692,-5.769262736418853,2.2633904103787006,,0.004249730324186834,-0.025742949126032824,0.16991542986475303,0.9851131848962039
1603972659972239368,,87,,1603972659,926153064,"""map_zed""",,,-2.008745339378184,-5.741652581165139,2.263155829165858,,0.004270716695726805,-0.02602131368635191,0.16892621417184653,0.985275893533638
1603972660037911592,,88,,1603972659,992905064,"""map_zed""",,,-2.007863155469389,-5.7529999776067005,2.2626320185937536,,0.0056139073374711105,-0.02643181801874953,0.1692252039388831,0.985206919074604
1603972660104472840,,89,,1603972660,59657064,"""map_zed""",,,-2.0009001067307803,-5.753836593655145,2.2629035185248965,,0.005880951800395087,-0.02522133256023786,0.16947997873010903,0.9851932985964983
1603972660171835528,,90,,1603972660,126406064,"""map_zed""",,,-1.9912750622543887,-5.751402854006972,2.263340656974929,,0.0040375575142680385,-0.025695436794191024,0.1688754358863242,0.9852941336532349
1603972660237045544,,91,,1603972660,193154064,"""map_zed""",,,-1.9823763628415152,-5.7466369955553835,2.2642325304641506,,0.004588610020296119,-0.025874011180828625,0.1684930322098148,0.9853525147378669
1603972660304091752,,92,,1603972660,260029064,"""map_zed""",,,-1.9741356264983114,-5.742186865329488,2.26403598728619,,0.005772260938393834,-0.026463650118291483,0.16846370666021757,0.9853356462466868
1603972660373112744,,93,,1603972660,326778064,"""map_zed""",,,-1.9642139011192223,-5.737452722380734,2.263406528658728,,0.006037237435682968,-0.025750759337993378,0.16866914501530675,0.9853178013602857
1603972660438709992,,94,,1603972660,393528064,"""map_zed""",,,-1.956706664832961,-5.73322145578136,2.2639013926563485,,0.0044735066035181455,-0.025825879358709485,0.168276970527568,0.9853912283372943
1603972660504371592,,95,,1603972660,460280064,"""map_zed""",,,-1.9468809467432278,-5.730341956623663,2.2660536437756056,,0.004908683812181631,-0.026376510589111987,0.16888651604042848,0.9852702823145031
1603972660571337000,,96,,1603972660,527031064,"""map_zed""",,,-1.9373337634962517,-5.727106844254694,2.2651385658717733,,0.005858103183652752,-0.027262430194234643,0.168697592849868,0.9852733451655202
1603972660637951176,,97,,1603972660,593779064,"""map_zed""",,,-1.9277290140149905,-5.725769163284206,2.2662551923063843,,0.005765803617482778,-0.025272976578760816,0.16921019535174772,0.9852390278265054
1603972660705277480,,98,,1603972660,660653064,"""map_zed""",,,-1.917036638626392,-5.718672958661529,2.266035820659492,,0.004083430017635082,-0.02614927348713709,0.16876329848461316,0.9853012179937561
1603972660776349224,,99,,1603972660,727403064,"""map_zed""",,,-1.9081302460901337,-5.715781729963905,2.2668920959604084,,0.005237655665185481,-0.026939123617078523,0.16910011908266392,0.9852167275823658
1603972660837847400,,100,,1603972660,794155064,"""map_zed""",,,-1.8985684481302318,-5.712729725309719,2.266879502920028,,0.005616561028262883,-0.026056794376643145,0.16941098821356662,0.9851849647561274
1603972660907101512,,101,,1603972660,860906064,"""map_zed""",,,-1.88642686618286,-5.708805309860976,2.2683313821029683,,0.0032480796328270205,-0.025693118199825754,0.16889863961503657,0.9852931356667713
1603972660975462632,,102,,1603972660,927669064,"""map_zed""",,,-1.8746179712815396,-5.702486521272697,2.268885343931667,,0.004773245733309087,-0.02601701806904993,0.1688443001665165,0.9852877413209014
1603972661038865032,,103,,1603972660,994530064,"""map_zed""",,,-1.8638341497774746,-5.6962631512062405,2.2680428191775417,,0.005337697845299554,-0.024693227961314054,0.16827754442547835,0.9854158622209681
1603972661105294216,,104,,1603972661,61279064,"""map_zed""",,,-1.8498557504551525,-5.690605209467752,2.2690110874503806,,0.002640784717813148,-0.024766739455190548,0.1677569895802897,0.9855136870281364
1603972661173632968,,105,,1603972661,128030064,"""map_zed""",,,-1.8514692754277065,-5.6877554963424775,2.267444246548131,,0.004762306751839013,-0.026155540403352634,0.1682103255912567,0.9853925585801292
1603972661244244968,,106,,1603972661,194781064,"""map_zed""",,,-1.8463658280708886,-5.687604667044301,2.267442347725925,,0.004859870172559772,-0.024313758422651252,0.1680103049433182,0.9854733686133401
1603972661306175432,,107,,1603972661,261539064,"""map_zed""",,,-1.835702225954147,-5.680048695889279,2.269865765153526,,0.002528358707744235,-0.024535221893884348,0.16700632812245786,0.9856472577225165
1603972661375136136,,108,,1603972661,328403064,"""map_zed""",,,-1.836203160512718,-5.670300220167633,2.2685382020480067,,0.0036498821226674783,-0.025610048897480385,0.1671406068090852,0.9855936390376361
1603972661440060232,,109,,1603972661,395151064,"""map_zed""",,,-1.8292726359752869,-5.666302873565356,2.264591008388944,,0.004065142837448549,-0.024344687640592624,0.16744033551537948,0.9855732062307144
1603972661507105000,,110,,1603972661,461904064,"""map_zed""",,,-1.8168618591236858,-5.659376041278585,2.266110322039429,,0.002666055948860714,-0.024208115645626943,0.16663138727984797,0.9857184385288523
1603972661575429608,,111,,1603972661,528654064,"""map_zed""",,,-1.8038858778716256,-5.652504591690062,2.266442409314503,,0.0036600741672540116,-0.025254692640178,0.16657046814011092,0.9856992865475376
1603972661639992872,,112,,1603972661,595413064,"""map_zed""",,,-1.794232473854987,-5.64971811774081,2.265701307172043,,0.004317563357178798,-0.02471222837127766,0.16651486827397075,0.9857197690313838
1603972661708610248,,113,,1603972661,662275064,"""map_zed""",,,-1.783154553001435,-5.646853474176836,2.2684986997048,,0.002277192175733263,-0.024051569209129486,0.16555732355721142,0.9859042088514208
1603972661773138952,,114,,1603972661,729028064,"""map_zed""",,,-1.7697768739706836,-5.639713619325889,2.2676412366621856,,0.003428850635355512,-0.025720073506998294,0.16562579956518933,0.985847257601555
1603972661840579816,,115,,1603972661,795781064,"""map_zed""",,,-1.759031330667913,-5.636180405962339,2.26895035230864,,0.0041754469705444506,-0.024328463030046207,0.16589257291915305,0.9858348471115511
1603972661909426152,,116,,1603972661,862528064,"""map_zed""",,,-1.7480560425561433,-5.634678919924515,2.272628813122731,,0.0017263349200792163,-0.024020262139273316,0.16516618483370618,0.9859716923735601
1603972662040278088,,117,,1603972661,996153064,"""map_zed""",,,-1.7550788380907438,-5.627892645642543,2.2767418047485095,,0.0040816048909358,-0.024539775476954375,0.16601095640768324,0.9858100741388582
1603972662108385704,,118,,1603972662,62905064,"""map_zed""",,,-1.753444139447848,-5.6202880021293815,2.2772357259705682,,0.0038794552259330674,-0.02482743422935133,0.16517706534272134,0.9859437536804538
1603972662174958376,,119,,1603972662,129654064,"""map_zed""",,,-1.7671483615536796,-5.619571242879858,2.284065103116369,,0.003525275874371578,-0.024951065931117823,0.16536716270891547,0.9859100964269073
1603972662242506696,,120,,1603972662,196403064,"""map_zed""",,,-1.7633015991774237,-5.618163669788581,2.2853796973827913,,0.0031478996889907932,-0.02408407480624889,0.16421610378467927,0.9861253060975844
1603972662309515400,,121,,1603972662,263157064,"""map_zed""",,,-1.7479454051419407,-5.606396760058211,2.2871183456989543,,0.0030809155402921735,-0.024885284699495285,0.16397520013506064,0.9861457114978118
1603972662508440904,,122,,1603972662,463530064,"""map_zed""",,,-1.7471312561270285,-5.601325752523699,2.2894397213154773,,0.0037644395018121522,-0.02490204470823887,0.16377510685556065,0.9861761665843662
1603972662575600552,,123,,1603972662,530277064,"""map_zed""",,,-1.7486551056925128,-5.603922704605586,2.2900425052153,,0.004061475800043227,-0.024977029852652252,0.1642017190515533,0.986102148793207
1603972662710097320,,124,,1603972662,663781064,"""map_zed""",,,-1.7402048983702947,-5.5948102741216195,2.2917691258371584,,0.002980116065565606,-0.024769146072569265,0.16376636973395756,0.9861836464144151
1603972662776324968,,125,,1603972662,730654064,"""map_zed""",,,-1.7202940996573617,-5.585475208388825,2.291387881451099,,0.0038408528387697803,-0.025971444845194702,0.16399155886469063,0.9861123163835105
1603972662842785960,,126,,1603972662,797404064,"""map_zed""",,,-1.732579741574619,-5.587151920404996,2.2953364835909227,,0.0033026731539307595,-0.024461623601149608,0.1643261781963831,0.9860971698976753
1603972662909982536,,127,,1603972662,864154064,"""map_zed""",,,-1.728463353900712,-5.580865979124601,2.2967199433553067,,0.002618116627492724,-0.02498717112203472,0.1636549127904504,0.9861976760590105
1603972662976688936,,128,,1603972662,930903064,"""map_zed""",,,-1.7492434587604921,-5.592253296741006,2.2974612494736495,,0.0032204358593405317,-0.024270818964428426,0.1646375023745762,0.9860502263837949
1603972663042745448,,129,,1603972662,997653064,"""map_zed""",,,-1.755688319132394,-5.592285507140469,2.3003749010092402,,0.0024837634746814738,-0.02333746827466614,0.16467982368126333,0.9860678217880547
1603972663110503624,,130,,1603972663,64528064,"""map_zed""",,,-1.7347518731465013,-5.597099414783182,2.295186249687342,,0.002501697065247426,-0.02594877239946931,0.16495083394867754,0.9859572126123882
1603972663177837992,,131,,1603972663,131279064,"""map_zed""",,,-1.7361629483905592,-5.5862838334339795,2.2996628619464614,,0.00253130386800308,-0.024027085659517545,0.16467212639356063,0.9860524237810387
1603972663244594376,,132,,1603972663,198029064,"""map_zed""",,,-1.729543288043334,-5.581366855374867,2.303470154485628,,0.0027295751608305014,-0.024585578690750485,0.16483357615838293,0.9860111515143837
1603972663311994632,,133,,1603972663,264780064,"""map_zed""",,,-1.7408544969017503,-5.591689345243168,2.306915895199584,,0.0024014055949715903,-0.02450969881473094,0.16522597457344104,0.9859482163082584
1603972663376286152,,134,,1603972663,331530064,"""map_zed""",,,-1.738130434807974,-5.5939178424868,2.306590701404005,,0.0021143199973856913,-0.023669368287013565,0.1643558337389698,0.9861148262610244
1603972663443664872,,135,,1603972663,398404064,"""map_zed""",,,-1.7275312916985743,-5.586428067689001,2.3058006511968645,,0.0018673166455756833,-0.02484423271127884,0.16368286156565678,0.9861983563458271
1603972663510432584,,136,,1603972663,465154064,"""map_zed""",,,-1.726768249651711,-5.577723726004079,2.3072878584470233,,0.0035400390210414915,-0.024015297831976194,0.16436181770000793,0.9861013773827316
1603972663578299400,,137,,1603972663,531905064,"""map_zed""",,,-1.7004753794128078,-5.571958298022907,2.3091142447489856,,0.0022607739660924758,-0.023594963035652436,0.16297607540131728,0.9863452567266721
1603972663643567208,,138,,1603972663,598651064,"""map_zed""",,,-1.6691088795537434,-5.535943540634691,2.311699872975855,,0.003138418221364979,-0.02517580170860289,0.16227025542331877,0.9864201404798301
1603972663712729480,,139,,1603972663,665404064,"""map_zed""",,,-1.668240025970026,-5.553404183707321,2.3106910638691085,,0.003428850600503891,-0.023364588922947484,0.16342804048975326,0.986272586331842
1603972663779152872,,140,,1603972663,732282064,"""map_zed""",,,-1.6569463877439852,-5.540626122973378,2.308019384344551,,0.0019028877854676404,-0.024217653446340172,0.16184705112727568,0.9865168099536034
1603972663844659368,,141,,1603972663,799029064,"""map_zed""",,,-1.6452300153664239,-5.5360811465594475,2.3079567799259055,,0.00267442664809958,-0.02529861216835144,0.16187918170880874,0.9864826193064659
1603972663912760520,,142,,1603972663,865780064,"""map_zed""",,,-1.6334981450345598,-5.53056818021423,2.3073569308445423,,0.0024687194634426457,-0.025268849839761614,0.16128644892492822,0.9865810012589807
1603972663978889640,,143,,1603972663,932528064,"""map_zed""",,,-1.6342177779593177,-5.5224781248687105,2.308676051297351,,0.002299981012740124,-0.02428033445963776,0.16122827311113005,0.9866157404965076
1603972664044456648,,144,,1603972663,999281064,"""map_zed""",,,-1.6274547933764085,-5.517961764443932,2.308551876268998,,0.003289109886126122,-0.025253512669363893,0.16125418695382562,0.9865842736653955
1603972664111277576,,145,,1603972664,66026064,"""map_zed""",,,-1.6280639681274574,-5.517637607431972,2.3090454298743857,,0.002896438108640175,-0.024839434675884155,0.16123469111044933,0.9865992030778169
1603972664178923304,,146,,1603972664,132904064,"""map_zed""",,,-1.6285257069021433,-5.499759898946704,2.3101624514835524,,0.002646421418459706,-0.024632507034127196,0.16066216559563612,0.9866984871768123
1603972664246929736,,147,,1603972664,199654064,"""map_zed""",,,-1.6038194054019967,-5.493637861347683,2.3078388540304253,,0.0036600741618104957,-0.02586162620454718,0.16044232071578826,0.9866995702190806
1603972664313316328,,148,,1603972664,266403064,"""map_zed""",,,-1.591017903454111,-5.487750843434541,2.309177218051912,,0.002663259888272869,-0.025203012196328377,0.15964231063748666,0.9868495568612895
1603972664379076744,,149,,1603972664,333153064,"""map_zed""",,,-1.577541760043083,-5.478588196445008,2.308741386649947,,0.0023257517069893564,-0.02556433219588296,0.1591298205701817,0.9869238856181756
1603972664446038312,,150,,1603972664,399906064,"""map_zed""",,,-1.5663133324950542,-5.476663327824584,2.3084709860137376,,0.0034827498561140263,-0.025908544065105735,0.15957929975060683,0.9868389255035354
1603972664513922792,,151,,1603972664,466783064,"""map_zed""",,,-1.5552993804300161,-5.471515131825882,2.310159629751503,,0.0024957332931948963,-0.025484351141251957,0.15900598279207992,0.9869454982918577
1603972664580262504,,152,,1603972664,533530064,"""map_zed""",,,-1.5419544995439423,-5.46454231593391,2.3094562927611895,,0.002075195331266901,-0.026570420952520556,0.15849959993649415,0.986999282226038
1603972664646578568,,153,,1603972664,600278064,"""map_zed""",,,-1.530441804033736,-5.462619045507367,2.310130560819053,,0.0029950791072532214,-0.026156680281444994,0.15895293423901252,0.9869350648723572
1603972664713616168,,154,,1603972664,667028064,"""map_zed""",,,-1.5201754455634935,-5.457147418882588,2.3120904477677704,,0.0019145980350031046,-0.02621102874434625,0.15785126283117334,0.9871131116083564
1603972664780337064,,155,,1603972664,733779064,"""map_zed""",,,-1.5071811961545567,-5.4535568594824175,2.3128926085967834,,0.0015488986995356143,-0.027436508935299374,0.1581689777041878,0.9870295909354866
1603972664847567592,,156,,1603972664,800655064,"""map_zed""",,,-1.5038263963520573,-5.460876244439369,2.3124259373460654,,0.002046271145110405,-0.02669965368556822,0.15856651324911106,0.9869851073564844
1603972664912944744,,157,,1603972664,867406064,"""map_zed""",,,-1.4943654902571557,-5.456812530797459,2.312240569226206,,0.0011835156113091253,-0.027579517193415292,0.1586157035106898,0.9869544204885983
1603972664981006344,,158,,1603972664,934155064,"""map_zed""",,,-1.468245076534831,-5.4383655326232905,2.3137976568494643,,0.0017940599050783577,-0.028789967744536484,0.1581729376979167,0.9869899902665359
1603972665046265448,,159,,1603972665,903064,"""map_zed""",,,-1.45487214893046,-5.4344843842947,2.3168298888019,,0.0019028878610617974,-0.027645085450796997,0.1583393688589503,0.9869958320770943
1603972665112249800,,160,,1603972665,67661064,"""map_zed""",,,-1.4423477090233023,-5.426266570232977,2.315930350408145,,0.0017349451592879553,-0.02885691720312721,0.1578638302097152,0.9870376281613302
1603972665181165640,,161,,1603972665,134528064,"""map_zed""",,,-1.4356930267463632,-5.434226999128409,2.314551468560488,,0.0023764553672858194,-0.029810909423947683,0.1589438481126747,0.9868345936814028
1603972665246509512,,162,,1603972665,201280064,"""map_zed""",,,-1.4254786345197652,-5.432425789552975,2.315632668495526,,0.0010571599258781712,-0.029238323377853728,0.15816129076250837,0.9869797409082318
1603972665315871048,,163,,1603972665,268025064,"""map_zed""",,,-1.411448136182894,-5.426377678217012,2.31567425169,,0.0012145842543999513,-0.029742102067632708,0.15773006239774534,0.9870335149151171
1603972665381222824,,164,,1603972665,334777064,"""map_zed""",,,-1.4002361128286058,-5.420123082166405,2.3175916464989665,,0.0020316547103291557,-0.02964147582046618,0.15746747613021544,0.987077124267148
1603972665446017256,,165,,1603972665,401549064,"""map_zed""",,,-1.3902195882290223,-5.413807985394511,2.318969355256717,,0.0017605230254580098,-0.029715785042233274,0.15699964384250625,0.9871499301075429
1603972665515041128,,166,,1603972665,468406064,"""map_zed""",,,-1.3797453446808903,-5.410051287268957,2.3183344316044927,,0.0006573687504478714,-0.030609725418142643,0.15642962051327255,0.987214458161055
1603972665579444328,,167,,1603972665,535154064,"""map_zed""",,,-1.3706625976039977,-5.40477964938183,2.318759553359384,,0.0015822120317962025,-0.031008982720176975,0.15637759707625676,0.9872091909663332
1603972665647722888,,168,,1603972665,601904064,"""map_zed""",,,-1.3919982624268619,-5.408878616206336,2.3196438769649284,,0.0008886852903897417,-0.03045745945926913,0.15669839119702103,0.9871763609396281
1603972665779467336,,169,,1603972665,735405064,"""map_zed""",,,-1.3703843147262644,-5.395035794429554,2.322942113707004,,0.00240760304697452,-0.03137800948275992,0.1567521595140451,0.9871364568569795
1603972665848261320,,170,,1603972665,802153064,"""map_zed""",,,-1.370608957889277,-5.398208007143883,2.3242898748896716,,0.0,-0.03037760489433695,0.1569908558551492,0.9871327531283476
1603972665914142888,,171,,1603972665,869031064,"""map_zed""",,,-1.3935384582322041,-5.414508845444063,2.3258444355964216,,0.000545915052296247,-0.030494131746205043,0.15785651218686678,0.9869909480162411
1603972665983997896,,172,,1603972665,935787064,"""map_zed""",,,-1.390097055056283,-5.406813077307793,2.3269603055473094,,0.0015440809055539237,-0.030644997916163493,0.15619482080537114,0.9872495519727793
1603972666046716392,,173,,1603972666,2530064,"""map_zed""",,,-1.3753310296503563,-5.401351496388102,2.3268581942681865,,0.00040486144641295197,-0.030415602846188786,0.1561735016376452,0.9872611430502816
1603972666118606536,,174,,1603972666,69279064,"""map_zed""",,,-1.3566018200451677,-5.383852448004314,2.330063785005045,,0.000999188508436644,-0.030959207321292346,0.15571425732788144,0.9873163622513242
1603972666179907976,,175,,1603972666,136028064,"""map_zed""",,,-1.3436224456669519,-5.376189680171996,2.33066469067917,,0.0013593174467508322,-0.030719062201242188,0.15559650900755848,0.987341996401559
1603972666247467816,,176,,1603972666,202903064,"""map_zed""",,,-1.3298411478712497,-5.366598486574293,2.332545397879205,,0.0,-0.029820395538634754,0.15460574219545603,0.9875261052195591
1603972666315734824,,177,,1603972666,269653064,"""map_zed""",,,-1.3342709418453642,-5.366767415197917,2.3339944477853907,,0.0012267914664581057,-0.0310967987788387,0.15525146498901618,0.9873846599513132
1603972666381799496,,178,,1603972666,336405064,"""map_zed""",,,-1.3087716370183065,-5.359732188196281,2.334672944687617,,0.0005980199706294438,-0.02928237578491049,0.1543817350819056,0.9875770677337573
1603972666448059208,,179,,1603972666,403153064,"""map_zed""",,,-1.296125611104928,-5.351726460442521,2.3352085741321793,,0.0,-0.030024568459992913,0.1533010033119333,0.9877233052187975
1603972666515289224,,180,,1603972666,469904064,"""map_zed""",,,-1.2837025370586554,-5.348218441692927,2.33474151997728,,0.0007911059981110868,-0.031047162522007263,0.1535818675903118,0.98764773973219
1603972666582194056,,181,,1603972666,536778064,"""map_zed""",,,-1.2704101887607864,-5.343295089146272,2.334063933716233,,0.0,-0.031186030967346227,0.1534547279811711,0.9876634436551393
1603972666647089928,,182,,1603972666,603534064,"""map_zed""",,,-1.2678802194764087,-5.334859745499753,2.333836874716505,,0.0,-0.03092741345126808,0.15330184541126143,0.98769531703391
1603972666717643624,,183,,1603972666,670285064,"""map_zed""",,,-1.2467057128683467,-5.333744762730109,2.334999666718897,,0.0,-0.03100080847247902,0.15320186827841425,0.9877085285801961
1603972666781891880,,184,,1603972666,737039064,"""map_zed""",,,-1.2330855348245522,-5.327678237565315,2.3359876236847033,,0.000772040469195326,-0.030273683975223616,0.1530497402790209,0.9877543647145308
1603972666849361992,,185,,1603972666,803794064,"""map_zed""",,,-1.2214460312011493,-5.324366306758747,2.337435918948144,,0.0,-0.030900176633955483,0.15276091815110476,0.9877799759914259
1603972666916655048,,186,,1603972666,870656064,"""map_zed""",,,-1.2105443395014996,-5.319011374649852,2.337127304688895,,0.0,-0.03068920678172177,0.15248893445304357,0.9878285769588183
1603972666982612456,,187,,1603972666,937404064,"""map_zed""",,,-1.1976552431072012,-5.314773154787899,2.338587036972059,,0.0,-0.030006709431592598,0.1520216562923486,0.9879215623758897
1603972667048529096,,188,,1603972667,4155064,"""map_zed""",,,-1.173020383676396,-5.284657009088553,2.3354384062847227,,0.0001726334894973161,-0.03138940426121074,0.15111886048135206,0.9880170876582156
1603972667116505960,,189,,1603972667,70905064,"""map_zed""",,,-1.1677065552401744,-5.292911147302999,2.336205613067564,,0.0011187929947712616,-0.029734585573606042,0.1520691914427793,0.9879218409049069
1603972667182442408,,190,,1603972667,137655064,"""map_zed""",,,-1.1480069042420507,-5.281897792675355,2.336030693183349,,0.0,-0.03102986827538677,0.15071738009131902,0.9880897826681647
1603972667249775848,,191,,1603972667,204527064,"""map_zed""",,,-1.136038765199262,-5.276747290559899,2.3362969172893893,,0.0,-0.031478753777511186,0.1505641990203359,0.9880989373711417
1603972667318283624,,192,,1603972667,271279064,"""map_zed""",,,-1.1232208768872125,-5.272007072319936,2.3374674803001083,,0.0,-0.029907474875370505,0.15074827621118833,0.9881196790702705
1603972667382861256,,193,,1603972667,338028064,"""map_zed""",,,-1.1105076179131417,-5.267200746773836,2.3381648394294543,,0.0,-0.030451822099810007,0.15026770520735683,0.9881762511326188
1603972667450280872,,194,,1603972667,404768064,"""map_zed""",,,-1.0987788093672266,-5.262442769886262,2.3377677516923514,,0.0,-0.03068555663911451,0.15019100859316292,0.9881806806204603
1603972667517394120,,195,,1603972667,471528064,"""map_zed""",,,-1.0865034678861152,-5.25772963806436,2.3401597352458565,,0.000572560545257126,-0.028153025379287322,0.15004636755242898,0.9882778794047434
1603972667584346280,,196,,1603972667,538291064,"""map_zed""",,,-1.0750223820821567,-5.252001886878006,2.3400735561289667,,0.0,-0.030056312799976583,0.1497819339296653,0.988262106087833
1603972667649724296,,197,,1603972667,605156064,"""map_zed""",,,-1.0788257103934202,-5.2480929607242786,2.339582140589243,,0.0,-0.030677061522767612,0.15017422030563898,0.9881834958406873
1603972667719957576,,198,,1603972667,671903064,"""map_zed""",,,-1.0495847624098422,-5.242635012520134,2.337914444550998,,0.0,-0.029298644966149458,0.14979200543566237,0.9882833321020394
1603972667785722888,,199,,1603972667,738653064,"""map_zed""",,,-1.035354124579708,-5.236815316621967,2.3384145318602467,,0.0,-0.03022909169018921,0.14988199884958667,0.9882416649972003
1603972667851941288,,200,,1603972667,805406064,"""map_zed""",,,-1.0249376110295159,-5.229308323213418,2.337181422461736,,0.0,-0.03054270432740437,0.14938149830894334,0.988307801838751
1603972667918471432,,201,,1603972667,872155064,"""map_zed""",,,-1.0125776843479066,-5.228676172324683,2.338234726472422,,0.0,-0.028892254687232277,0.14972314526914304,0.9883057307279985
1603972667984540680,,202,,1603972667,939028064,"""map_zed""",,,-1.002953648412357,-5.224906517702219,2.3400729716815234,,0.0007911060406126868,-0.029611047985656423,0.1494226934430263,0.9883296103389067
1603972668049754088,,203,,1603972668,5779064,"""map_zed""",,,-0.9902419146540518,-5.222423431450349,2.339953268403932,,0.000999188524390776,-0.029595190899133844,0.14979872228967994,0.9882729729676493
1603972668119865736,,204,,1603972668,72530064,"""map_zed""",,,-0.9783943616941765,-5.2131034464838235,2.3397463033900023,,0.0,-0.028305561368492386,0.14875626718527246,0.9884686986287012
1603972668184348040,,205,,1603972668,139281064,"""map_zed""",,,-0.964442539963093,-5.208559185158262,2.341239314966118,,0.0005593964737856124,-0.029143377008632183,0.1490088589700997,0.9884061465817312
1603972668251213672,,206,,1603972668,206037064,"""map_zed""",,,-0.953458490245832,-5.201822881701082,2.339705884764111,,0.0009296598233078496,-0.029322803295960972,0.1484064771766527,0.9884911868456364
1603972668321570216,,207,,1603972668,272903064,"""map_zed""",,,-0.9401163239925598,-5.196716823526151,2.3396632763932166,,0.0,-0.028310300939200693,0.1479425055159091,0.9885906847236662
1603972668385229224,,208,,1603972668,339653064,"""map_zed""",,,-0.9282012310147504,-5.190609136901794,2.339563692510305,,0.0005854286663030034,-0.029476884470126002,0.14779014743843896,0.9885792041487298
1603972668452139464,,209,,1603972668,406412064,"""map_zed""",,,-0.9153779130935806,-5.186289283871664,2.3376071583971,,0.0006224389023055108,-0.02892345167501423,0.14774143580661925,0.9886028093520748
1603972668518487144,,210,,1603972668,473154064,"""map_zed""",,,-0.9137135749088525,-5.178796176789451,2.340704347704531,,0.0,-0.027634556432086087,0.14728729943428778,0.988707632577071
1603972668586269832,,211,,1603972668,539902064,"""map_zed""",,,-0.8918816876898973,-5.1763203214550915,2.3414358515192886,,0.0,-0.02924061089146576,0.14681772535441068,0.9887312790624411
1603972668650469384,,212,,1603972668,606781064,"""map_zed""",,,-0.8787962123588482,-5.170191957125579,2.3386795791580224,,0.0,-0.027820242454386416,0.1466973919119281,0.9887901239980188
1603972668721771848,,213,,1603972668,673527064,"""map_zed""",,,-0.8655702201013934,-5.164215256874695,2.3413899016940456,,0.0,-0.028183688661087756,0.14620967100713259,0.988852067701454
1603972668784317896,,214,,1603972668,740281064,"""map_zed""",,,-0.852769213692187,-5.160822366558066,2.3427126881861238,,0.0,-0.02899213372395221,0.14625595700146446,0.9888218500942009
1603972668853374248,,215,,1603972668,807026064,"""map_zed""",,,-0.8412082436745147,-5.153266847546444,2.3425931920017735,,0.0,-0.02809260459758975,0.14590330898664824,0.988899908986582
1603972668919904424,,216,,1603972668,873778064,"""map_zed""",,,-0.8266246689284829,-5.146314775593512,2.343195180032204,,0.0,-0.02897182272609814,0.14531045091223277,0.988961832602053
1603972668984340872,,217,,1603972668,940652064,"""map_zed""",,,-0.8160123524028634,-5.141360122295353,2.3414798383879383,,0.0,-0.029001895225507064,0.14490874619912616,0.989019891280416
1603972669054142248,,218,,1603972669,7404064,"""map_zed""",,,-0.8003045980810497,-5.134962517538747,2.344219877157905,,0.0,-0.02796767460571325,0.14483674102831445,0.9890602244683818
1603972669118578344,,219,,1603972669,74155064,"""map_zed""",,,-0.7847321443820711,-5.131344073731334,2.3442916662630515,,0.0,-0.029073739832786293,0.14466416148315156,0.9890535870388986
1603972669186413256,,220,,1603972669,140909064,"""map_zed""",,,-0.7702255400961593,-5.123586378588361,2.3449389318315967,,0.0,-0.028252341949822575,0.14393532693820443,0.989183717432481
1603972669252926600,,221,,1603972669,207653064,"""map_zed""",,,-0.7663607795890526,-5.11564498549995,2.344843713747634,,0.0,-0.02919444371229263,0.14355257504261587,0.9892119806466984
1603972669319591432,,222,,1603972669,274401064,"""map_zed""",,,-0.7526329624812704,-5.111026094456367,2.3484643621057133,,0.0,-0.027607856724743963,0.1441811654802771,0.9891661123228065
1603972669385762216,,223,,1603972669,341279064,"""map_zed""",,,-0.7542660496418621,-5.106933138519598,2.349680817027227,,0.0,-0.028380739981851755,0.1431376959841412,0.9892957765938527
1603972669453248552,,224,,1603972669,408028064,"""map_zed""",,,-0.7370986992033016,-5.093574183587976,2.3463556494124287,,0.0,-0.028464890404652537,0.1428008233229066,0.9893420413954676
1603972669520713064,,225,,1603972669,474779064,"""map_zed""",,,-0.7151900514190216,-5.072649331082367,2.348279273637995,,0.0,-0.02886851533781549,0.1415795323137615,0.9895058589275796
1603972669586208200,,226,,1603972669,541528064,"""map_zed""",,,-0.7028896970288433,-5.071060237249658,2.3475900520608386,,0.0,-0.029623610836365704,0.14234328530413606,0.9893739590315893
1603972669653301544,,227,,1603972669,608279064,"""map_zed""",,,-0.6880246258053264,-5.070383061762588,2.3509310453793266,,0.0,-0.028578795781604164,0.14192588770837133,0.9894646506216703
1603972669720448008,,228,,1603972669,675155064,"""map_zed""",,,-0.6733494091759201,-5.0633124959755875,2.3507492435754367,,-0.00024414062365009763,-0.029456402943580734,0.14153388064328862,0.9894950335150918
1603972669786888040,,229,,1603972669,741905064,"""map_zed""",,,-0.660048812582636,-5.0630175983021015,2.3529844844570755,,-0.0012976252820618966,-0.028181592755529065,0.14156246563560596,0.9895272519347594
1603972669852324872,,230,,1603972669,808653064,"""map_zed""",,,-0.6674240898501208,-5.045943974249754,2.348182255692833,,0.0,-0.02963064875026562,0.14243567350794772,0.989360451790436
1603972669920670824,,231,,1603972669,875404064,"""map_zed""",,,-0.6494898462145121,-5.040053029215283,2.352079016665579,,0.0,-0.028442114856654238,0.14134638346421055,0.9895515378109768
1603972669988264616,,232,,1603972669,942153064,"""map_zed""",,,-0.6494849071854898,-5.031412385496466,2.350584301898009,,0.0,-0.02948192334991438,0.14132871706501732,0.9895236277766924
1603972670053098920,,233,,1603972670,9028064,"""map_zed""",,,-0.636497568746849,-5.022463910760748,2.3518188858532616,,0.0,-0.028637118347316793,0.14065670956131582,0.9896441812632182
1603972670121165448,,234,,1603972670,75776064,"""map_zed""",,,-0.6200327027120205,-5.015392010379442,2.3538830782750617,,0.0,-0.029421208209728687,0.14061220815524383,0.9896275053903798
1603972670188305640,,235,,1603972670,142527064,"""map_zed""",,,-0.6046863664187542,-5.007293429034327,2.3540873258508004,,0.0,-0.0295013751466519,0.14007362373813745,0.9897014947939218
1603972670253121960,,236,,1603972670,209287064,"""map_zed""",,,-0.5869746147433719,-4.999448310177443,2.353144865970642,,0.0,-0.030303435032920937,0.13990908632285096,0.9897005352072467
1603972670321938600,,237,,1603972670,276030064,"""map_zed""",,,-0.5528580875964911,-4.988976655733154,2.3484532876493804,,0.0,-0.02863503696930614,0.13897798056978006,0.9898813845984337
1603972670387131240,,238,,1603972670,342904064,"""map_zed""",,,-0.5275632904476123,-4.964333483574534,2.3491578498880505,,0.0,-0.030192101752135533,0.1370848523053718,0.9900990759818954
1603972670455661768,,239,,1603972670,409656064,"""map_zed""",,,-0.5192702491966876,-4.97010136186111,2.349261662947715,,0.0,-0.030130093376000786,0.13825214273968733,0.9899386458266182
1603972670522431848,,240,,1603972670,476405064,"""map_zed""",,,-0.5122667514480498,-4.957313136920186,2.3490540886797984,,0.0009611825852277233,-0.029066579550437503,0.13772831920719147,0.9900429890513027
1603972670588034536,,241,,1603972670,543168064,"""map_zed""",,,-0.4961034563640646,-4.950819859752488,2.3494635615408774,,0.0005854286615277604,-0.03126787711355198,0.13725919778080836,0.990041357600107
1603972670654011560,,242,,1603972670,609905064,"""map_zed""",,,-0.48003951438962644,-4.945319760574651,2.352863282099889,,0.0,-0.029605258158960233,0.13696402894732934,0.9901335179983841
1603972670722437192,,243,,1603972670,676778064,"""map_zed""",,,-0.4754856224908962,-4.935387963719088,2.3522431697152077,,0.0,-0.031049798117525233,0.1364187835171048,0.9901645446796074
1603972670792054824,,244,,1603972670,743539064,"""map_zed""",,,-0.46791606880853426,-4.927728022836191,2.3524474603601444,,0.0015295366813314196,-0.03025078784711761,0.13661484470939303,0.9901610649572107
1603972670854331592,,245,,1603972670,810276064,"""map_zed""",,,-0.4516594877769505,-4.919751512542919,2.354783588835132,,0.0015099263714558697,-0.031051242172332426,0.13582679387984395,0.9902447286132001
1603972670920757096,,246,,1603972670,877028064,"""map_zed""",,,-0.42769088978675596,-4.914373004777622,2.3579491612524857,,0.0,-0.02763834183886809,0.13547706652687785,0.9903949144183192
1603972670987884968,,247,,1603972670,943779064,"""map_zed""",,,-0.4252184397573919,-4.909117232976877,2.3573555300824895,,0.0012567908322331234,-0.030583424620323707,0.13591273185271058,0.9902478497505713
1603972671053984936,,248,,1603972671,10530064,"""map_zed""",,,-0.43076908037049144,-4.904077591061484,2.354737180502308,,0.0018553081080023492,-0.029280085659984568,0.1354650582179844,0.9903476422032651
1603972671123424680,,249,,1603972671,77402064,"""map_zed""",,,-0.41183869910843857,-4.892347419805483,2.3578981922667066,,0.0012328496907624909,-0.029763887282374116,0.1355301019016193,0.9903252912927241
1603972671188168520,,250,,1603972671,144154064,"""map_zed""",,,-0.39756699467421863,-4.8857248158469115,2.356255965138582,,0.0018871613316021568,-0.03129978928298805,0.13548748532008978,0.9902827389864914
1603972671256381672,,251,,1603972671,210906064,"""map_zed""",,,-0.3797593394860318,-4.873844349675423,2.357145326903257,,0.0010358008849183063,-0.0300054675557677,0.1337870486145825,0.9905552103019225
1603972671324095528,,252,,1603972671,277652064,"""map_zed""",,,-0.36698162513903254,-4.872909823209883,2.3597183409251263,,0.0012388782926174178,-0.031109732048390033,0.13428699340611722,0.9904532564207151
1603972671390013000,,253,,1603972671,344402064,"""map_zed""",,,-0.36970712297048725,-4.860810126528601,2.3590254869219405,,0.0,-0.03044154124254628,0.1339950502447683,0.9905143305761307
1603972671458582280,,254,,1603972671,411280064,"""map_zed""",,,-0.3499150355360433,-4.858373807808748,2.3589555522769072,,0.0022508655090120937,-0.03262133776528653,0.1340996279887,0.9904282264253961
1603972671523206952,,255,,1603972671,478029064,"""map_zed""",,,-0.3284435198538117,-4.850785074498221,2.3581151087505785,,0.0,-0.03175328808993507,0.13356521994706402,0.9905312012834174
1603972671588603368,,256,,1603972671,544776064,"""map_zed""",,,-0.3143814450950538,-4.845040643461859,2.360791921261933,,0.001495049960746278,-0.03207593504765316,0.1336898544681966,0.9905028632107562
1603972671657430760,,257,,1603972671,611528064,"""map_zed""",,,-0.2732046595487786,-4.847856867874416,2.3636957380832246,,0.0,-0.029873061018806588,0.13311663676622543,0.9906500700254431
1603972671723305416,,258,,1603972671,678279064,"""map_zed""",,,-0.2560640045757724,-4.839657122659056,2.3632451032171673,,0.0,-0.031837407788065666,0.1319490060160137,0.9907450929864464
1603972671790020904,,259,,1603972671,745153064,"""map_zed""",,,-0.23830271064071645,-4.829289051642937,2.361787394966778,,0.0,-0.029624865112288734,0.13133656461089338,0.9908950873645944
1603972671856379656,,260,,1603972671,811902064,"""map_zed""",,,-0.24302395880157235,-4.8110511494499715,2.3579843509118708,,0.001028582664349971,-0.033299698706714904,0.13263696145733744,0.9906046176649438
1603972671923585864,,261,,1603972671,878653064,"""map_zed""",,,-0.22306568928122145,-4.805595099441159,2.356583276523941,,0.0013647876003888232,-0.03173945531020024,0.13165915258656982,0.9907858557082877
1603972672056373896,,262,,1603972672,12153064,"""map_zed""",,,-0.189394968565744,-4.791127436117798,2.357789681259111,,0.0009611825680309674,-0.031869936311216214,0.13085880701811498,0.9908881651898894
1603972672125591048,,263,,1603972672,79027064,"""map_zed""",,,-0.18250992337050906,-4.776631644486576,2.3581831097633903,,0.0012627050344221403,-0.03263457760623333,0.13056559445021063,0.9909016174506537
1603972672190356872,,264,,1603972672,145777064,"""map_zed""",,,-0.17329252558985764,-4.774119027241659,2.3589271566617773,,0.0013203923192979087,-0.032874102645879456,0.1303722372145746,0.9909190833277044
1603972672257679304,,265,,1603972672,212528064,"""map_zed""",,,-0.17651488639196586,-4.756741807563431,2.35944457989537,,0.0021972655752648907,-0.032804905625716536,0.12995850745725376,0.9909741654202507
1603972672326345960,,266,,1603972672,279280064,"""map_zed""",,,-0.1403869143460802,-4.758197488690891,2.3615764463872213,,0.0017392341767933873,-0.032972316789128264,0.1296166612880765,0.9910142897590164
1603972672390373448,,267,,1603972672,346029064,"""map_zed""",,,-0.14211922462682022,-4.753133757969422,2.3649431129754155,,0.00012207030834349615,-0.03203944380265283,0.12955794787335403,0.991054083934122
1603972672457269896,,268,,1603972672,412904064,"""map_zed""",,,-0.13539403022318516,-4.750046854332356,2.3662198311448406,,0.0021561915475201993,-0.03292392630975404,0.12955089165961184,0.99102367902314
1603972672523718248,,269,,1603972672,479653064,"""map_zed""",,,-0.1857629190231782,-4.786820882452204,2.3582209320242264,,0.0008457279216737806,-0.03282012058848923,0.13071525150523286,0.9908762018803172
1603972672590414600,,270,,1603972672,546405064,"""map_zed""",,,-0.14434582452931669,-4.738377862958698,2.3670963900773545,,0.0032227487392753476,-0.03410330895318405,0.12912391535137344,0.9910366253036961
1603972672657789000,,271,,1603972672,613154064,"""map_zed""",,,-0.19449134444514726,-4.78337329698284,2.362927392301143,,0.0014495046536160798,-0.029979136239279346,0.1296892332373128,0.9911003244419426
1603972672726292168,,272,,1603972672,679903064,"""map_zed""",,,-0.1941660222560093,-4.786240511816042,2.365682161799983,,0.003136043143222089,-0.032611283773027695,0.13039308533706934,0.9909209417003754
1603972672790814248,,273,,1603972672,746653064,"""map_zed""",,,-0.12412369869816432,-4.746777502796121,2.3802890821805773,,0.0016558423029097236,-0.030114278359596208,0.12767872283132647,0.9913569146181964
1603972672926512072,,274,,1603972672,880279064,"""map_zed""",,,-0.1020265615221454,-4.731711891336232,2.3820122280887936,,0.0016870453285288058,-0.03239420434639737,0.12825088225787776,0.9912111180787366
1603972672991200232,,275,,1603972672,947028064,"""map_zed""",,,-0.09172632562759614,-4.7227801227542265,2.3871548879901576,,0.0013864522294092538,-0.03164353585032729,0.12815028391970784,0.9912488431874223
1603972673058108808,,276,,1603972673,13780064,"""map_zed""",,,-0.08776785215469411,-4.711456124316122,2.3841946286470606,,0.001539248017831263,-0.03282080167069938,0.12773151496756974,0.9912643874251318
1603972673125863688,,277,,1603972673,80529064,"""map_zed""",,,-0.09199345002342997,-4.693156723769163,2.382809822913369,,0.001990906669347914,-0.03234149156049263,0.12723627737445742,0.9913430253621431
1603972673191860008,,278,,1603972673,147405064,"""map_zed""",,,-0.07936777207902403,-4.684528779982402,2.3837600203081517,,0.001375662559453748,-0.033391756222575404,0.126179908084866,0.9914442641745371
1603972673258874888,,279,,1603972673,214151064,"""map_zed""",,,-0.06451132764499816,-4.680158027779317,2.386300951389155,,0.0,-0.032272748300990646,0.12587419202137973,0.9915211331585756
1603972673325637832,,280,,1603972673,280903064,"""map_zed""",,,-0.05317668479873871,-4.671874251663086,2.3863666082682866,,0.0,-0.03307091362706178,0.12526245183617535,0.9915723033807778
1603972673393531240,,281,,1603972673,347653064,"""map_zed""",,,-0.034209875594705445,-4.67095711862183,2.3892888073484717,,0.0,-0.032066631665234976,0.12544262352340038,0.9915825126217246
1603972673459033288,,282,,1603972673,414404064,"""map_zed""",,,-0.017988862305447103,-4.665724962054343,2.3908880910478096,,0.0,-0.03304498434324639,0.1253891985852488,0.9915571480695925
1603972673526218088,,283,,1603972673,481277064,"""map_zed""",,,0.0022156866470705635,-4.663200528707287,2.3854293527992523,,0.0,-0.03331668030907327,0.12486712737713676,0.9916139366274381
1603972673592960424,,284,,1603972673,548027064,"""map_zed""",,,0.00961457777044524,-4.653066936295113,2.3867700790865025,,0.0,-0.03464451716548045,0.12503700367993895,0.9915470261874187
1603972673659879592,,285,,1603972673,614779064,"""map_zed""",,,0.025496357091724306,-4.650718616469728,2.38919306848197,,0.0,-0.03391817819870142,0.1252399689596784,0.9915465230450158
1603972673726362504,,286,,1603972673,681528064,"""map_zed""",,,0.04203097010850133,-4.639481688366241,2.3920031609997343,,0.0,-0.033040477931380666,0.12450084012425042,0.9916692329735867
1603972673792875752,,287,,1603972673,748281064,"""map_zed""",,,0.06439074738307458,-4.636412667571055,2.3915592756230457,,0.0,-0.03516258769224376,0.12434439996791746,0.9916158846163184
1603972673859398664,,288,,1603972673,815165064,"""map_zed""",,,0.07209799699049581,-4.632917904152111,2.3930840470179406,,0.0,-0.03370178968430106,0.12380074715376807,0.9917346239676439
1603972673927138216,,289,,1603972673,881904064,"""map_zed""",,,0.0942707541652432,-4.622106108608966,2.391638133544034,,0.0,-0.03522588350590874,0.12365588283362744,0.9916997326670328
1603972673993575240,,290,,1603972673,948658064,"""map_zed""",,,0.11390057337900891,-4.613171253827411,2.3939056255418056,,0.0,-0.03261332448147579,0.12305589581620636,0.9918637091713443
1603972674061166504,,291,,1603972674,15402064,"""map_zed""",,,0.12584950090739888,-4.607225690381164,2.392951738864719,,0.0,-0.035017141543233855,0.12284178364093828,0.9918082959877146
1603972674126258696,,292,,1603972674,82155064,"""map_zed""",,,0.14093765645355913,-4.60284489413157,2.3901567921289693,,0.0,-0.03277376000005118,0.12265071301104762,0.9919086063006716
1603972674192845608,,293,,1603972674,149030064,"""map_zed""",,,0.15840748017027312,-4.595160010149117,2.3921864037965626,,0.0,-0.03492553064903996,0.1222510770283507,0.9918845101493879
1603972674261382504,,294,,1603972674,215782064,"""map_zed""",,,0.1660664199682276,-4.588352455361202,2.3897337021533147,,0.0,-0.034532513598405486,0.12160705610112965,0.9919774339222605
1603972674326749192,,295,,1603972674,282532064,"""map_zed""",,,0.17511890320964013,-4.576409818256765,2.3899432791483535,,0.0,-0.03478511130115125,0.12135396621515238,0.9919996022759375
1603972674393597960,,296,,1603972674,349279064,"""map_zed""",,,0.1734683927046523,-4.574983575248403,2.393052860734,,0.0,-0.03522864972841358,0.12194272630383335,0.9919117469512604
1603972674462936136,,297,,1603972674,416028064,"""map_zed""",,,0.18322118941844504,-4.568166897087004,2.395327448746811,,0.00021143198723602266,-0.032860958280502804,0.12044431706954883,0.9921760323667629
1603972674528631656,,298,,1603972674,482782064,"""map_zed""",,,0.19960494134403348,-4.559480476789101,2.3962299897979165,,0.0,-0.034641723126326546,0.1199277984578073,0.9921780456026542
1603972674593332296,,299,,1603972674,549653064,"""map_zed""",,,0.21408035773738085,-4.555626148940135,2.397563341884076,,0.0002990100007943424,-0.03361303116531968,0.1198629857689153,0.9922212149372032
1603972674661643752,,300,,1603972674,616407064,"""map_zed""",,,0.21702488500223538,-4.54172484566246,2.39595001979796,,0.0,-0.034787240041646,0.11906750160851721,0.992276563257941
1603972674728956360,,301,,1603972674,683158064,"""map_zed""",,,0.2170464126140607,-4.533743167897334,2.3967975918528124,,0.0007816314334954567,-0.03427416284658157,0.11947791225129623,0.992244777913968
1603972674793868776,,302,,1603972674,749903064,"""map_zed""",,,0.23220714740421938,-4.5325642943638105,2.401090475609581,,0.0,-0.03503395509828815,0.1199663234574547,0.9921596158009418
1603972674861164744,,303,,1603972674,816655064,"""map_zed""",,,0.23825846047428068,-4.518954948711381,2.400426289913273,,0.0,-0.03345438633069778,0.11946622455305171,0.9922744707117462
1603972674929267816,,304,,1603972674,883525064,"""map_zed""",,,0.2615469871721246,-4.515366134790671,2.402593013557315,,0.0,-0.03524027134189297,0.11898776714298939,0.9922701419200698
1603972674995137832,,305,,1603972674,950281064,"""map_zed""",,,0.2754485336114601,-4.51605594061598,2.405148738708251,,0.0,-0.03477460222227972,0.11860933547902609,0.9923318762276591
1603972675062509512,,306,,1603972675,17029064,"""map_zed""",,,0.265177705812067,-4.5068835521929556,2.4080999859724947,,0.0,-0.03551531022165329,0.11929236168790762,0.9922237626577894
1603972675128880456,,307,,1603972675,83780064,"""map_zed""",,,0.2738707809273627,-4.498245784904241,2.4075147209828076,,0.0,-0.036273968078125586,0.11823358003499251,0.9923230420543384
1603972675262365928,,308,,1603972675,217404064,"""map_zed""",,,0.30655471808360635,-4.48682330648744,2.4126552380316237,,0.0,-0.03609978918227773,0.11841280316942465,0.9923080233811244
1603972675332910088,,309,,1603972675,284155064,"""map_zed""",,,0.3230996241463222,-4.483656659113842,2.416809351054619,,0.0,-0.031980088087160755,0.11854596639314241,0.9924334374747021
1603972675397605192,,310,,1603972675,350901064,"""map_zed""",,,0.3386653883037467,-4.472398216797915,2.413117816905402,,0.0,-0.035595362719581684,0.11692024860901386,0.9925032118930738
1603972675464021448,,311,,1603972675,417652064,"""map_zed""",,,0.3356369955392394,-4.466048526802476,2.41742856797528,,0.0,-0.032692290430070686,0.11804091781463029,0.9924704307272412
1603972675529807112,,312,,1603972675,484424064,"""map_zed""",,,0.3430125528531357,-4.457580962895755,2.4178805448774727,,0.0,-0.03552349182276293,0.11790228819898313,0.9923896069418311
1603972675595722856,,313,,1603972675,551278064,"""map_zed""",,,0.347266784554867,-4.448578159123839,2.4172122385087524,,0.000668606681617839,-0.03406746037057287,0.11780342048694202,0.9924521727673236
1603972675665599112,,314,,1603972675,618029064,"""map_zed""",,,0.36181287108890775,-4.442381681505896,2.4215154434800064,,0.0,-0.034439188636300466,0.1167031662455587,0.9925695508498812
1603972675728625544,,315,,1603972675,684776064,"""map_zed""",,,0.3800525441522757,-4.434709418305899,2.4219213110496582,,0.000888685318268831,-0.03384012842768001,0.11673216169369889,0.9925863480688818
1603972675795034824,,316,,1603972675,751529064,"""map_zed""",,,0.37890193084933577,-4.4233060217112685,2.425669369715839,,0.00048828123977660105,-0.03386081684265128,0.1163365295013238,0.9926323682853421
1603972675863575496,,317,,1603972675,818280064,"""map_zed""",,,0.37461378412315804,-4.408608864516475,2.4311415232115903,,0.0008279211398171424,-0.032465424107274765,0.11592695761582901,0.9927266750128451
1603972675931536136,,318,,1603972675,885156064,"""map_zed""",,,0.38954843323546323,-4.409802266929535,2.4253124291262775,,0.0019339574472888104,-0.03450727085238129,0.11543721688943952,0.9927133307373952
1603972675996537480,,319,,1603972675,951904064,"""map_zed""",,,0.3963824335930633,-4.403699852380628,2.436255554983347,,0.0,-0.03220434028149409,0.11465371912474745,0.9928833794348142
1603972676063412552,,320,,1603972676,18656064,"""map_zed""",,,0.3834046865519897,-4.425071429183947,2.438276858841804,,0.0,-0.033323176746871803,0.11586990785344602,0.9927052585463274
1603972676129458088,,321,,1603972676,85405064,"""map_zed""",,,0.37926037068749185,-4.419468281285156,2.4376740139822752,,0.0,-0.03297094613362368,0.11472661220704027,0.99284979788614
1603972676195657448,,322,,1603972676,152153064,"""map_zed""",,,0.33808682254517364,-4.454968980367121,2.4338986186716847,,0.0011451210902355307,-0.03250854177449764,0.11775718201596513,0.9925095110340472
1603972676266924072,,323,,1603972676,218908064,"""map_zed""",,,0.3479285628532509,-4.4518638459096325,2.434745663346452,,0.0,-0.033138202994592074,0.11676205566501772,0.9926069120549023
1603972676331816552,,324,,1603972676,285782064,"""map_zed""",,,0.3648049454037096,-4.445615411910129,2.438676912060371,,0.0012802843207564325,-0.030664443708848188,0.11649806660977648,0.9927166026818878
1603972676396494696,,325,,1603972676,352529064,"""map_zed""",,,0.373136880629733,-4.4332606123458715,2.436251695227817,,0.0004228639650960432,-0.032500979019955946,0.1160582543969493,0.9927104256202532
1603972676464533896,,326,,1603972676,419282064,"""map_zed""",,,0.369086787226179,-4.429495417667006,2.4374105987872374,,0.0,-0.030046409007808705,0.11532375251161774,0.9928734286969183
1603972676531096552,,327,,1603972676,486027064,"""map_zed""",,,0.3779270680228585,-4.419213858357358,2.436994723484775,,0.0015488986255163927,-0.032188161924124985,0.1154681881033739,0.9927883060759318
1603972676596413000,,328,,1603972676,552778064,"""map_zed""",,,0.39212003037800863,-4.4103347414405425,2.4366050582728107,,0.0010918301162444078,-0.03209311984843198,0.11459008951421684,0.9928937259095332
1603972676665133128,,329,,1603972676,619653064,"""map_zed""",,,0.41058043579534775,-4.40190278534844,2.4361033412414046,,0.0023225461929635427,-0.03207128848932714,0.1141564317886743,0.99294226786611
1603972676730517704,,330,,1603972676,686404064,"""map_zed""",,,0.416526478485621,-4.397450559162198,2.437051600591488,,0.0014183288319827082,-0.03275740491386112,0.1141537567233037,0.9929218804078146
1603972676798471592,,331,,1603972676,753168064,"""map_zed""",,,0.42631656566752313,-4.391384872132791,2.438134124015695,,0.0026436045470344034,-0.03245096302054586,0.11393451018938054,0.9929546181683955
1603972676865722568,,332,,1603972676,819903064,"""map_zed""",,,0.44086118597786683,-4.383835557145515,2.4395311756773816,,0.0016826231811547636,-0.03349690527837482,0.11313138956275162,0.9930138039380937
1603972676931525800,,333,,1603972676,886656064,"""map_zed""",,,0.4572347108238738,-4.378421061760334,2.4421999812699373,,0.0021001770694034122,-0.03274398234959685,0.11219005073881254,0.993144910570149
1603972676998068168,,334,,1603972676,953527064,"""map_zed""",,,0.45953792182702974,-4.36866043451917,2.4410168821027907,,0.001843221275674031,-0.03413846386150303,0.11158228059099802,0.9931669358565143
1603972677066646280,,335,,1603972677,20279064,"""map_zed""",,,0.47387410104953637,-4.367874818904552,2.445313646066187,,0.0029296875826182317,-0.0324608357464065,0.11263234485918312,0.9931020420706198
1603972677131407144,,336,,1603972677,87028064,"""map_zed""",,,0.48642996171029984,-4.355993245947615,2.44162212718333,,0.0030419765376600164,-0.03471865064542491,0.11125320723602093,0.9931807919788845
1603972677198962632,,337,,1603972677,153779064,"""map_zed""",,,0.5039789620314145,-4.352479943036691,2.4461154994260985,,0.0038311414267212496,-0.031798787674213506,0.11129900903820439,0.9932707033054647
1603972677267672392,,338,,1603972677,220533064,"""map_zed""",,,0.4966838384896064,-4.33744569304549,2.445054154158182,,0.0034955619616014073,-0.034667969457106124,0.11043390111864448,0.9932725036081544
1603972677332466696,,339,,1603972677,287407064,"""map_zed""",,,0.5307634582708501,-4.338600601360048,2.445864085732293,,0.0033939061067009197,-0.032353700836397985,0.11043674309815817,0.993350615451261
1603972677398395720,,340,,1603972677,354154064,"""map_zed""",,,0.5484481630319872,-4.334532540457964,2.4476126400251697,,0.003304928180490633,-0.03415635468540797,0.10981417022475737,0.9933595869080715
1603972677466095240,,341,,1603972677,420902064,"""map_zed""",,,0.5661931128726635,-4.331769127110152,2.445571053827463,,0.0032319829882857614,-0.03431522159483489,0.10956815816411501,0.9933815171269215
1603972677532854568,,342,,1603972677,487653064,"""map_zed""",,,0.5822067762895285,-4.32913387905813,2.449787787276758,,0.0030099676925812164,-0.033821846770879384,0.10994584689729983,0.9933574047267842
1603972677600819144,,343,,1603972677,554403064,"""map_zed""",,,0.5976248212098411,-4.321186163494715,2.4501078677852197,,0.0030346198626205897,-0.03408757614403366,0.1093756785545756,0.9934111883684622
1603972677668447688,,344,,1603972677,621276064,"""map_zed""",,,0.6147445706377177,-4.315408322859227,2.450341204950301,,0.003794011110121483,-0.03331915587802781,0.10900639500876076,0.9934752363186845
1603972677732495240,,345,,1603972677,688030064,"""map_zed""",,,0.6054930552956557,-4.305058465725632,2.452016709142027,,0.002810269509656234,-0.0337409031672289,0.10880313486393517,0.9934865533476148
1603972677798515112,,346,,1603972677,754780064,"""map_zed""",,,0.6128977897145025,-4.294759873653002,2.452576663976862,,0.0043123830814330326,-0.033774894282644886,0.10925907075083074,0.9934299750495855
1603972677868523208,,347,,1603972677,821529064,"""map_zed""",,,0.612169513603887,-4.274634035718407,2.45155053007329,,0.003465593190959219,-0.03342119325318854,0.10821022396023733,0.9935600439509648
1603972677932945736,,348,,1603972677,888277064,"""map_zed""",,,0.6276306034337773,-4.266775158099032,2.4532217353679386,,0.005046393120332452,-0.03384607193843623,0.10791374451512008,0.9935711353876674
1603972677999690728,,349,,1603972677,955030064,"""map_zed""",,,0.634608052773553,-4.256375054760652,2.453565899132639,,0.004059640633302801,-0.034108988458597854,0.10715360788045054,0.9936489322403875
1603972678067052008,,350,,1603972678,21909064,"""map_zed""",,,0.664508723303908,-4.255896949146256,2.457605189076349,,0.005237655773135448,-0.032815579694496715,0.10739260287818202,0.9936611764270381
1603972678134258888,,351,,1603972678,88655064,"""map_zed""",,,0.6829323006314427,-4.248344289586179,2.4535823280225206,,0.004721454789194631,-0.03407139688364251,0.1068615983108527,0.9936787441550317
1603972678200092712,,352,,1603972678,155409064,"""map_zed""",,,0.705732678527142,-4.242002057393752,2.459127075566723,,0.005006371262611234,-0.03280672559848252,0.10656235040550324,0.9937520417480115
1603972678270445672,,353,,1603972678,222153064,"""map_zed""",,,0.7191853540619177,-4.237258837206506,2.4571570394488185,,0.0047810441456425,-0.03401931416064054,0.10588542498975347,0.9937847375843807
1603972678333797128,,354,,1603972678,288904064,"""map_zed""",,,0.7378993030657488,-4.228619090369908,2.4610347547002442,,0.004370730719600227,-0.033510691525602765,0.1047878162981655,0.9939202401711692
1603972678400279528,,355,,1603972678,355815064,"""map_zed""",,,0.7546773141223353,-4.224439622736581,2.460871690306863,,0.004745066144965987,-0.03336228788064669,0.10456232680390688,0.9939472631422664
1603972678466937768,,356,,1603972678,422536064,"""map_zed""",,,0.7581026305882759,-4.216741099924537,2.4611519654950684,,0.00419147590842282,-0.03388918926585575,0.10524825721759003,0.9938595266602178
1603972678533814696,,357,,1603972678,489280064,"""map_zed""",,,0.7579349361775035,-4.208719028834376,2.4621337230979825,,0.005091956165842568,-0.03371152159208394,0.10476385421178541,0.9939125414970089
1603972678600377896,,358,,1603972678,556030064,"""map_zed""",,,0.7598509433370632,-4.184937798394835,2.460245866135753,,0.005725604935152917,-0.033611699865373476,0.10366055346739927,0.9940281488645677
1603972678669836648,,359,,1603972678,622778064,"""map_zed""",,,0.7755491929167074,-4.17467399601787,2.4614257335925447,,0.005375253575364863,-0.03453338938221554,0.10276993503828186,0.9940909878471911
1603972678733390312,,360,,1603972678,689653064,"""map_zed""",,,0.7919214991716266,-4.166730673992207,2.4640074435523993,,0.005474142193285749,-0.034101124408801385,0.10273288056577189,0.994109200406053
1603972678800020904,,361,,1603972678,756403064,"""map_zed""",,,0.8000758891908644,-4.166599441772963,2.465012574340181,,0.005254697884045878,-0.0348540127968922,0.10234159777778956,0.9941246316767283
1603972678869640488,,362,,1603972678,823155064,"""map_zed""",,,0.8330013981504478,-4.16493532125603,2.467389530075175,,0.004577229488013277,-0.034778898599870045,0.10243066602065716,0.9941214391818328
1603972678935267592,,363,,1603972678,889903064,"""map_zed""",,,0.8492562687125175,-4.15602322526559,2.467308271753744,,0.005508063221321403,-0.03495519147056637,0.10146906714527035,0.9942091451206203
1603972679000657448,,364,,1603972678,956671064,"""map_zed""",,,0.8620828325657821,-4.149969024252987,2.4693788051795114,,0.004756044857452018,-0.034785753481896754,0.10190911152558889,0.9941739608237965
1603972679069143752,,365,,1603972679,23533064,"""map_zed""",,,0.8852976339390167,-4.148348943008629,2.4694083088553294,,0.005214846272238155,-0.034561209678333094,0.10144806740647422,0.9942266430665689
1603972679136103048,,366,,1603972679,90278064,"""map_zed""",,,0.9042428419807536,-4.14031339648716,2.471556668276608,,0.004625804764866684,-0.03508921744919155,0.10044866147663299,0.9943125339432434
1603972679202400776,,367,,1603972679,157021064,"""map_zed""",,,0.9211908881920482,-4.134604661484503,2.473032494010741,,0.00469455173750733,-0.03546326266942902,0.09959299207211077,0.99438501301807
1603972679269910024,,368,,1603972679,223779064,"""map_zed""",,,0.9384874990753862,-4.129198653674759,2.4744883343101596,,0.0047277627691925846,-0.036006399344714224,0.09951598430960455,0.9943730468653692
1603972679336885192,,369,,1603972679,290525064,"""map_zed""",,,0.9473341250020891,-4.115706027163423,2.4738711008767162,,0.004341654980419816,-0.03583257674465172,0.0986732923056252,0.9944650611567197
1603972679401805320,,370,,1603972679,357401064,"""map_zed""",,,0.9603679929629482,-4.109371370220117,2.474556199298361,,0.0059527268379571735,-0.03627296035673826,0.0987249205180408,0.9944356326373556
1603972679469324136,,371,,1603972679,424153064,"""map_zed""",,,0.9684008826145689,-4.10281251430216,2.4742948438978773,,0.003913871993196058,-0.03637695358270475,0.09797707323327778,0.9945159083567762
1603972679535190312,,372,,1603972679,490905064,"""map_zed""",,,0.9820334548648899,-4.101526633596968,2.4771614701471005,,0.005769678716531009,-0.036343551286243364,0.09798041492273948,0.9945077653688683
1603972679602547912,,373,,1603972679,557667064,"""map_zed""",,,0.9926131422940851,-4.085572060232305,2.4772682609980508,,0.004483488545490241,-0.034852733194400014,0.09768562361225477,0.9945967545989819
1603972679670099976,,374,,1603972679,624403064,"""map_zed""",,,1.0174260905338974,-4.084747580430938,2.4765951861379696,,0.005472780880026692,-0.035901332453399035,0.09836624846583171,0.994487417798872
1603972679735281128,,375,,1603972679,691278064,"""map_zed""",,,1.0204179141076417,-4.0732642531406675,2.4757370845031024,,0.005115314517611315,-0.03523499981276889,0.09725380937636359,0.9946225539908926
1603972679804438152,,376,,1603972679,758027064,"""map_zed""",,,1.031241937446639,-4.06864814154732,2.4777050289066245,,0.005635102029613628,-0.03523500026090858,0.09682961924134616,0.9946611308477403
1603972679869328040,,377,,1603972679,824779064,"""map_zed""",,,1.0466710897873788,-4.060868417645469,2.478360491262999,,0.004414829234332377,-0.03504055586708202,0.09530642961009378,0.9948212669632339
1603972679936781128,,378,,1603972679,891529064,"""map_zed""",,,1.0507340607373066,-4.0482612388490224,2.4771893814746098,,0.005330714513057007,-0.034735602150747835,0.09565858750943511,0.9947936751214821
1603972680003061256,,379,,1603972679,958279064,"""map_zed""",,,1.0687639882608175,-4.048572172570608,2.480241298598263,,0.004263732584193403,-0.03470813484516098,0.09474032376375179,0.9948876504476072
1603972680070520936,,380,,1603972680,25026064,"""map_zed""",,,1.0796752454935523,-4.039136287544693,2.4814540671899517,,0.0035798042147693132,-0.03483348718785863,0.09464244562059952,0.9948952812527905
1603972680135482792,,381,,1603972680,91903064,"""map_zed""",,,1.0928014253220033,-4.032565753349872,2.481533134147587,,0.003942322989248824,-0.03448675263297945,0.09422634713996506,0.994945484680914
1603972680202315368,,382,,1603972680,158653064,"""map_zed""",,,1.11103793628099,-4.026207994805753,2.4823183667297117,,0.003090573576875508,-0.03510429081074161,0.09370182764171207,0.9949764342024607
1603972680271596872,,383,,1603972680,225403064,"""map_zed""",,,1.1248281204930537,-4.0199517273684355,2.483058459483445,,0.004134202786375881,-0.03450316889630946,0.09268803025494916,0.9950886235662085
1603972680337660360,,384,,1603972680,292157064,"""map_zed""",,,1.150637451050594,-4.0198676991409625,2.484599064782018,,0.0024807618125538247,-0.03540228258764307,0.09378488233398598,0.9949597580073349
1603972680403253896,,385,,1603972680,358902064,"""map_zed""",,,1.165380689373913,-4.0100260734803665,2.48376963900173,,0.004348514124995667,-0.03456142163529319,0.09180815494823641,0.9951672528999599
1603972680472398920,,386,,1603972680,425781064,"""map_zed""",,,1.1762882412377027,-4.002378313451691,2.482885972208788,,0.0024717355385644084,-0.03613240002234067,0.09158577285903001,0.9951383755045663
1603972680536885096,,387,,1603972680,492529064,"""map_zed""",,,1.182653624537991,-3.9957461570920896,2.484947725185617,,0.004121568234772699,-0.0340031027809777,0.09200571881039363,0.9951692064080033
1603972680605742760,,388,,1603972680,559279064,"""map_zed""",,,1.2002298492191568,-3.986680192962689,2.4882161911937204,,0.002942375579627121,-0.03466560288082116,0.0909589297390197,0.9952467591022789
1603972680670559368,,389,,1603972680,626047064,"""map_zed""",,,1.220885715866869,-3.9834352147694183,2.487368434177722,,0.00451330086172563,-0.03463829609465022,0.09081169774611823,0.9952552708282727
1603972680739245544,,390,,1603972680,692779064,"""map_zed""",,,1.2219235172420542,-3.981737502728473,2.4937205655156083,,0.0026436045429271402,-0.03405521081621848,0.09063053175347675,0.9952986288975614
1603972680804343208,,391,,1603972680,759653064,"""map_zed""",,,1.2227463263010072,-3.9694340580317897,2.491805947224117,,0.00463224248367775,-0.03418208654320561,0.0897062345191156,0.9953707443849887
1603972680871857512,,392,,1603972680,826408064,"""map_zed""",,,1.2419898666527878,-3.9548972583799418,2.4932808744739017,,0.003282306909394337,-0.03525169896613787,0.08957473826494465,0.9953506469813138
1603972680938284264,,393,,1603972680,893156064,"""map_zed""",,,1.2590994312513184,-3.9488402651790473,2.489721093131594,,0.005725605283530472,-0.03546095474958408,0.08939482051018978,0.9953483330966783
1603972681004300424,,394,,1603972680,959904064,"""map_zed""",,,1.2799979444601586,-3.9440936970131104,2.4934751758281366,,0.003164424141297047,-0.03651677870182603,0.0889158038307671,0.9953645016385829
1603972681071485352,,395,,1603972681,26654064,"""map_zed""",,,1.2944615923383593,-3.93753027147284,2.4937896514410673,,0.0055269682100962305,-0.0354420389351584,0.08774240207175633,0.9954971548815202
1603972681137822984,,396,,1603972681,93527064,"""map_zed""",,,1.313855172527014,-3.932020347199314,2.494581412373727,,0.003842791969315497,-0.03678815029711578,0.08723416091438184,0.9955009121628976
1603972681204557384,,397,,1603972681,160286064,"""map_zed""",,,1.3186985827503057,-3.921345536731201,2.4935048120877754,,0.006166665170921773,-0.03590444371638473,0.08688834058446307,0.9955517361908245
1603972681271427528,,398,,1603972681,227031064,"""map_zed""",,,1.3167109864057664,-3.907697789124698,2.495301075957445,,0.0046258045348781755,-0.03664041534616127,0.08682168668386965,0.9955390884425552
1603972681338571528,,399,,1603972681,293779064,"""map_zed""",,,1.3299887503149224,-3.9074369662889894,2.4971281850055576,,0.005912539804913076,-0.03684744770762532,0.08688053864524693,0.9955195023078156
1603972681404867176,,400,,1603972681,360528064,"""map_zed""",,,1.297747288321263,-3.9352181535100645,2.4974800830474315,,0.003925276985077307,-0.03622404545812898,0.08805146213868133,0.995449321033712
1603972681473563048,,401,,1603972681,427403064,"""map_zed""",,,1.3253648256855857,-3.9026708102994565,2.501376825045518,,0.005955229869938634,-0.03721363029272658,0.08632364711016316,0.9955540713126698
1603972681540165160,,402,,1603972681,494154064,"""map_zed""",,,1.3501945274269769,-3.879547425429004,2.504893492395412,,0.004288127264304101,-0.03661030975272784,0.08561995048388556,0.9956457810202941
1603972681605517704,,403,,1603972681,560902064,"""map_zed""",,,1.3660839234326303,-3.8727272343653167,2.502275921400222,,0.006665978089100374,-0.037263650302057465,0.08490742709959609,0.9956694802622045
1603972681674517832,,404,,1603972681,627653064,"""map_zed""",,,1.3666746383979715,-3.870296983090098,2.508661763372452,,0.004175446865583772,-0.03656917756171359,0.0849519061356292,0.9957049937305004
1603972681739123592,,405,,1603972681,694406064,"""map_zed""",,,1.3633056556822947,-3.8700396107512374,2.5085107303562464,,0.006305259802116337,-0.036218491311365064,0.08527011626725776,0.9956794021459542
1603972681805318344,,406,,1603972681,761152064,"""map_zed""",,,1.3698886061063513,-3.864985812984558,2.510951400703287,,0.004478500096002244,-0.03714489457598595,0.08482718224041118,0.9956929993712826
1603972681872877064,,407,,1603972681,828030064,"""map_zed""",,,1.3555370571992627,-3.8695666813642897,2.5125308814169736,,0.0069580076923854125,-0.0356806734005279,0.08521478476047332,0.9956992096676907
1603972681938809640,,408,,1603972681,894780064,"""map_zed""",,,1.350573733888065,-3.8444515299833038,2.513838003187836,,0.005678566053088461,-0.037163945994648076,0.08328953209886752,0.9958159713764584
1603972682006458728,,409,,1603972681,961535064,"""map_zed""",,,1.2980900793636123,-3.87845044020019,2.529790022459399,,0.0057073585176561185,-0.033014320079358186,0.08402659060626394,0.9959001018172133
1603972682073087144,,410,,1603972682,28282064,"""map_zed""",,,1.3077470935243583,-3.87423817332176,2.5308160336037617,,0.004745066230557268,-0.035162818165753736,0.08268693947172237,0.9959437386749863
1603972682139575752,,411,,1603972682,95029064,"""map_zed""",,,1.306934749341906,-3.8691203939711025,2.5317919437671126,,0.006172703706996722,-0.03419668670835408,0.0827551203235646,0.9959638921202659
1603972682206807752,,412,,1603972682,161904064,"""map_zed""",,,1.3043631975417522,-3.8477400679422633,2.531285513111572,,0.0053209214182945355,-0.03556480177181848,0.08241246451776958,0.9959493051166304
1603972682274103624,,413,,1603972682,228656064,"""map_zed""",,,1.3245902665089437,-3.847064571326569,2.536335403706394,,0.0054372701150974,-0.03404952406192817,0.08213001210171245,0.9960249630993313
1603972682340303944,,414,,1603972682,295405064,"""map_zed""",,,1.3221222519484783,-3.8366923844590053,2.5367386734813095,,0.005009346721106921,-0.03569194731141029,0.082013265600128,0.9959793248899046
1603972682407128936,,415,,1603972682,362155064,"""map_zed""",,,1.3399941274541431,-3.8284653532694164,2.538161073236026,,0.0043192888413303935,-0.03532095686065312,0.08175740530057055,0.9960168173423937
1603972682475416392,,416,,1603972682,428905064,"""map_zed""",,,1.3467349428906146,-3.8217975711781724,2.539699475974103,,0.005747684080105113,-0.035848165561850893,0.08240451380592696,0.9959374324012399
1603972682540433096,,417,,1603972682,495782064,"""map_zed""",,,1.3561210404110915,-3.8124055993742987,2.5408688585816432,,0.004724610082477621,-0.03456832060307357,0.08172878538667505,0.9960437314242133
1603972682609290472,,418,,1603972682,562529064,"""map_zed""",,,1.3544786480426954,-3.791578117642067,2.536468405587941,,0.0074222363166788485,-0.037074424609400046,0.08189025583783256,0.9959238843640389
1603972682675228520,,419,,1603972682,629279064,"""map_zed""",,,1.3695903055732606,-3.7831603527033413,2.5398065013310958,,0.004389441893521398,-0.03528592247024204,0.08081193002691163,0.996094909353829
1603972682740743688,,420,,1603972682,696028064,"""map_zed""",,,1.3864567953699332,-3.7725066012010977,2.537271146796464,,0.0073779360848237885,-0.03611569501480314,0.08012519081397934,0.9961029948904628
1603972682810289384,,421,,1603972682,762777064,"""map_zed""",,,1.4028512582216859,-3.7657399934201363,2.5398098082533833,,0.005197673445402998,-0.03485465650739643,0.07955295368945889,0.9962075409621176
1603972682874391624,,422,,1603972682,829654064,"""map_zed""",,,1.423398622448494,-3.7617992072355855,2.53985299641772,,0.007760831009079538,-0.03552623612076449,0.07995326401500118,0.9961350970739299
1603972682940315592,,423,,1603972682,896402064,"""map_zed""",,,1.438873653957053,-3.755808709226836,2.5435523605719754,,0.004718297990872826,-0.03410068453425987,0.07887849041822799,0.9962896490116244
1603972683010317416,,424,,1603972682,963152064,"""map_zed""",,,1.4630978619967838,-3.7532548129591485,2.544350182735459,,0.007771384308691875,-0.03488350066141744,0.07955098497860191,0.9961899355828012
1603972683074270824,,425,,1603972683,29903064,"""map_zed""",,,1.4816689256886908,-3.7456489563721176,2.543833663545221,,0.004175446765995504,-0.03566918756641121,0.07767950442887528,0.996331355169725
1603972683141538344,,426,,1603972683,96654064,"""map_zed""",,,1.4821825595470013,-3.7356400067199753,2.544439962984243,,0.007141895625630918,-0.034830920561215596,0.07708486205646067,0.996390347374696
1603972683209215560,,427,,1603972683,163531064,"""map_zed""",,,1.458497908499877,-3.714359801408893,2.5476180271563647,,0.004790384638618722,-0.03576889150013803,0.07631776988833487,0.996430246738394
1603972683274234600,,428,,1603972683,230279064,"""map_zed""",,,1.4738443016808909,-3.705622630816364,2.5480271830364596,,0.00659405700424328,-0.03461204369134691,0.07616159844739653,0.9964727471264182
1603972683341355176,,429,,1603972683,297028064,"""map_zed""",,,1.4863632857384932,-3.70555310241247,2.54922692157183,,0.00433650396653843,-0.03676201916846342,0.0755860760032806,0.996451952576958
1603972683408328488,,430,,1603972683,363789064,"""map_zed""",,,1.504535294598878,-3.703737987949286,2.5542197524390216,,0.005712577291701017,-0.03377555496549615,0.07561474620542857,0.9965485379567559
1603972683475194824,,431,,1603972683,430528064,"""map_zed""",,,1.503714274182991,-3.6923593282407965,2.5523487298320613,,0.004919296994397267,-0.036643057559076424,0.07519055799841498,0.9964835507110441
1603972683543858792,,432,,1603972683,497281064,"""map_zed""",,,1.5370494183736199,-3.6962287818619046,2.5589213873809915,,0.005713881996309155,-0.033851575530339954,0.07554752474271657,0.9965510493155354
1603972683608991400,,433,,1603972683,564155064,"""map_zed""",,,1.5568209232303754,-3.6876854365031986,2.5546204304907003,,0.004846053369124224,-0.0365596016741903,0.07479425038791793,0.9965167993571797
1603972683677372456,,434,,1603972683,630902064,"""map_zed""",,,1.5743242388542318,-3.6877450955156963,2.5578625970354545,,0.006361725677821146,-0.03451568972038605,0.0748503051817146,0.9965769550936497
1603972683742949864,,435,,1603972683,697656064,"""map_zed""",,,1.5777401125547907,-3.653750968015285,2.5524856039401254,,0.005416676905799626,-0.036848455926316706,0.07320382497468497,0.9966213177111055
1603972683811469544,,436,,1603972683,764405064,"""map_zed""",,,1.60121937351276,-3.651508401654579,2.5539855686852295,,0.0071533620423152615,-0.034362956913054556,0.07282309985882605,0.9967270502653345
1603972683877911592,,437,,1603972683,831153064,"""map_zed""",,,1.611988778441663,-3.643490809123835,2.554760264480115,,0.005937688595612154,-0.036474112896092786,0.0722235525115726,0.9967036377003912
1603972683942728680,,438,,1603972683,898028064,"""map_zed""",,,1.628136102796075,-3.6400086039162045,2.554318024233742,,0.007563435785436398,-0.03531673696706002,0.07199458330677619,0.9967508728381445
1603972684011217224,,439,,1603972683,964777064,"""map_zed""",,,1.6324254708004717,-3.6244362646173895,2.553804286131992,,0.0064397152733922484,-0.036174029758967476,0.07103674240825746,0.9967967450118493
1603972684077441256,,440,,1603972684,31536064,"""map_zed""",,,1.664406053457727,-3.6246447265403776,2.554505471174033,,0.007669086127092072,-0.03585003700475815,0.07078341417456377,0.9968177708300173
1603972684142046344,,441,,1603972684,98281064,"""map_zed""",,,1.6854472346537397,-3.6254854268047234,2.5612250048873686,,0.005122591645171243,-0.036009705880467535,0.07119263574878403,0.9967992118538116
1603972684210840136,,442,,1603972684,165030064,"""map_zed""",,,1.7009751631308698,-3.619016074613851,2.559867929112975,,0.007503105069892962,-0.03544350964337028,0.07050984110755104,0.996852959741535
1603972684276676008,,443,,1603972684,231903064,"""map_zed""",,,1.7064294542460774,-3.6060397786124905,2.5592305540430735,,0.006241124612843084,-0.0369421543102361,0.07035836604298919,0.9968179502427945
1603972684343207944,,444,,1603972684,298657064,"""map_zed""",,,1.7375394491853946,-3.607585122580402,2.562678323957301,,0.007317094559775184,-0.03479175251444783,0.07014647089586092,0.9969029374543105
1603972684410094952,,445,,1603972684,365401064,"""map_zed""",,,1.756802235896058,-3.6052739221314183,2.5646247028584774,,0.006155781736352894,-0.03670867426824789,0.07010046190893172,0.9968452762715168
1603972684475579720,,446,,1603972684,432153064,"""map_zed""",,,1.766320678224578,-3.599580283772856,2.56620844075099,,0.006416533942321124,-0.034157227025681226,0.07003240889023912,0.9969391022721065
1603972684543280712,,447,,1603972684,498902064,"""map_zed""",,,1.769182069230725,-3.5881946378023466,2.5666682047607665,,0.006997515213220311,-0.036187001769571785,0.06987531714287,0.9968746038183303
1603972684611592136,,448,,1603972684,565776064,"""map_zed""",,,1.79526764803354,-3.581562491578626,2.5648468027519042,,0.006257815417189256,-0.03602977172269757,0.06970696296814644,0.9968970030096249
1603972684678218888,,449,,1603972684,632530064,"""map_zed""",,,1.808846289602455,-3.574425222265929,2.567435476210231,,0.007398105618493801,-0.036062635122468774,0.06930734893251543,0.9969158669442613
1603972684743012744,,450,,1603972684,699280064,"""map_zed""",,,1.8027681981740613,-3.5742867147460973,2.5694430213338695,,0.005947718423030852,-0.03571907446650467,0.06856788725118361,0.9969890757690003
1603972684810250696,,451,,1603972684,766028064,"""map_zed""",,,1.7613476220302944,-3.5794188368643396,2.5851527693353624,,0.006045870347162481,-0.035286131453911046,0.06999782315669822,0.9969045295975368
1603972684878168808,,452,,1603972684,832778064,"""map_zed""",,,1.7851873940063048,-3.558917458014408,2.579314678513446,,0.005814699951567931,-0.035368595453631226,0.06868546491312393,0.9969942620846814
1603972684944378920,,453,,1603972684,899651064,"""map_zed""",,,1.7820358548471011,-3.591826061000608,2.5933302326484777,,0.006217203245623171,-0.03431435380614082,0.06994490485898482,0.9969411124990969
1603972685011183912,,454,,1603972684,966403064,"""map_zed""",,,1.7976456857025824,-3.575431252115347,2.595375271528425,,0.0024897557289901744,-0.033544470976903086,0.06766583298209931,0.9971408649885574
1603972685078658408,,455,,1603972685,33153064,"""map_zed""",,,1.7888024031762992,-3.5778449273205193,2.5951962558770525,,0.0062375421195109745,-0.03597389454987058,0.07034142160663648,0.9968545813635906
1603972685144133768,,456,,1603972685,99905064,"""map_zed""",,,1.7994719895696822,-3.5171226209892468,2.589055957921543,,0.00556458574396621,-0.033990170502470066,0.06863749710886918,0.9970469385567267
1603972685212910376,,457,,1603972685,166652064,"""map_zed""",,,1.8154621672667082,-3.510271550997726,2.586859646556703,,0.00853357941700546,-0.03572116097225388,0.06857092774684084,0.99697001186047
1603972685278514696,,458,,1603972685,233403064,"""map_zed""",,,1.8355512113626167,-3.507626955519782,2.5931300079647865,,0.00480125996040277,-0.03376805493225521,0.06808076967134515,0.9970966227852955
1603972685344561512,,459,,1603972685,300278064,"""map_zed""",,,1.850228197886659,-3.5023575812652994,2.5908118103317768,,0.008138528862002012,-0.0356633395263738,0.06716441228564707,0.9970711269935122
1603972685412250856,,460,,1603972685,367026064,"""map_zed""",,,1.857902102454971,-3.4889202314507917,2.592080756356634,,0.005732107931664099,-0.036445502345206625,0.06728455452633555,0.9970514816295385
1603972685478694952,,461,,1603972685,433780064,"""map_zed""",,,1.8916836852037162,-3.490398370051316,2.596505053656219,,0.006807540544626761,-0.03475018218797433,0.06621973962807026,0.9971765281599976
1603972685546511400,,462,,1603972685,500530064,"""map_zed""",,,1.890178104308837,-3.4714787256658854,2.592764147254816,,0.005529663965351902,-0.037214632903539505,0.06541488289077639,0.9971486283451786
1603972685611677544,,463,,1603972685,567276064,"""map_zed""",,,1.9077199776807228,-3.465126961447757,2.5932917276965894,,0.007191795855162881,-0.03598404302894038,0.06626866757318978,0.9971268176203782
1603972685679286152,,464,,1603972685,634153064,"""map_zed""",,,1.9142205312763572,-3.4626280534502225,2.595353369880258,,0.00570213428547593,-0.036011983111365574,0.06510182542791551,0.99721230190112
1603972685745544040,,465,,1603972685,700905064,"""map_zed""",,,1.9218005011714716,-3.4500977671509596,2.594153125677874,,0.006998579458970236,-0.03728203834948172,0.06582329399184171,0.9971100057015414
1603972685812844296,,466,,1603972685,767655064,"""map_zed""",,,1.920858548261596,-3.4489957123409996,2.5976607740164206,,0.005478224318581777,-0.03732777805196267,0.06538264533569556,0.9971467974841645
1603972685878844936,,467,,1603972685,834403064,"""map_zed""",,,1.921730992095334,-3.4494276737799874,2.602101003889005,,0.007114720161700392,-0.035990875702769674,0.06560788392649976,0.9971708194636741
1603972685945310472,,468,,1603972685,901157064,"""map_zed""",,,1.9224059105849773,-3.4317108165853005,2.6029058000744625,,0.0058593749333324665,-0.0369030083987467,0.06551822200377176,0.9971515422853124
1603972686013868808,,469,,1603972685,968029064,"""map_zed""",,,1.9477360309517284,-3.419855646554154,2.601468166648595,,0.007422236203917642,-0.0372840386790817,0.06472098033377602,0.9971790238338074
1603972686079427144,,470,,1603972686,34781064,"""map_zed""",,,1.9633208042979242,-3.410887103083612,2.601067627424681,,0.006539597117828468,-0.03751075979474125,0.06407307776423304,0.9972185403786756
1603972686146881960,,471,,1603972686,101536064,"""map_zed""",,,1.974923614513166,-3.405997960475597,2.60363547384648,,0.005557887069247193,-0.03726905026205001,0.06298674958957878,0.997302761030987
1603972686216411176,,472,,1603972686,168281064,"""map_zed""",,,1.96328720889228,-3.381034730675523,2.596668068450052,,0.007130411042718395,-0.0391031059649656,0.0639156704095873,0.9971634226235675
1603972686279088392,,473,,1603972686,235029064,"""map_zed""",,,1.9802292148160026,-3.380525845816913,2.601106293567468,,0.006972983129571201,-0.038206447549988705,0.06372164295576224,0.9972117112684262
1603972686347619944,,474,,1603972686,301902064,"""map_zed""",,,1.9801794629914091,-3.366101799593477,2.5992874741901675,,0.006761417425363021,-0.039046668479674536,0.06327258951619481,0.9972092159276074
1603972686413205448,,475,,1603972686,368656064,"""map_zed""",,,1.9960798375504976,-3.359530261694857,2.6017142947753937,,0.005478224467441479,-0.03879436258467079,0.06265621134351003,0.9972658550599287
1603972686479365448,,476,,1603972686,435406064,"""map_zed""",,,2.0176657321563107,-3.356213567849707,2.6037472201909786,,0.0068718105574100815,-0.039837210841878676,0.06310740029522813,0.9971876608141421
1603972686547094696,,477,,1603972686,502155064,"""map_zed""",,,2.0267326718084804,-3.348564234349323,2.6039159060138193,,0.005869538547430555,-0.038660265664536723,0.06265014435821471,0.9972692173068828
1603972686614258376,,478,,1603972686,568903064,"""map_zed""",,,2.0469744777775793,-3.3417248714437573,2.6062084855291814,,0.00642697586849936,-0.03944420323008847,0.061690086500732155,0.9972949323245663
1603972686680728936,,479,,1603972686,635778064,"""map_zed""",,,2.0379335238258895,-3.335252792222443,2.607741319900753,,0.005951475323509876,-0.0379088742703304,0.061137366746748044,0.9973914575432775
1603972686747109608,,480,,1603972686,702527064,"""map_zed""",,,2.0419592895031626,-3.3279669171812474,2.609492149594462,,0.007137721225407685,-0.03884522146904138,0.06124061937510782,0.9973413098048645
1603972686814515336,,481,,1603972686,769281064,"""map_zed""",,,2.0540676446586565,-3.325085839041007,2.611892723801762,,0.005792876326093783,-0.037733156795689206,0.060618941643145074,0.9974306970292058
1603972686880448584,,482,,1603972686,836034064,"""map_zed""",,,2.0424880245000407,-3.326782695653137,2.6135042748529833,,0.0073282867968402915,-0.03879993052185287,0.06170276950087732,0.9973132054876463
1603972686947660552,,483,,1603972686,902780064,"""map_zed""",,,2.0605849326996966,-3.310338447673572,2.6183785591803823,,0.00542766942565574,-0.03678308906636743,0.05977906832772058,0.99751892601254
1603972687014326152,,484,,1603972686,969531064,"""map_zed""",,,2.0783820911096726,-3.305531395103414,2.621607838283025,,0.007517985445038987,-0.037851638644454746,0.05955630097906298,0.9974787117329718
1603972687079952136,,485,,1603972687,36406064,"""map_zed""",,,2.0776597996251835,-3.2936543345450544,2.6248727052557235,,0.004486810418359406,-0.036150746066642155,0.05858624729636606,0.9976174836673743
1603972687148117736,,486,,1603972687,103156064,"""map_zed""",,,2.1122385721270347,-3.3016009110085895,2.627352488369294,,0.006392103142680315,-0.03820118301175489,0.059096280378776685,0.9975005966310541
1603972687214836488,,487,,1603972687,169907064,"""map_zed""",,,2.1330223395870784,-3.300385863160986,2.6311601569317893,,0.004326182931876122,-0.03733994853758069,0.05841023168078731,0.997584711801182
1603972687281457448,,488,,1603972687,236653064,"""map_zed""",,,2.113978336678264,-3.287645952114052,2.6324052873189068,,0.006292248008482638,-0.03737265908251179,0.05823227264540729,0.9975834272834794
1603972687349156648,,489,,1603972687,303405064,"""map_zed""",,,2.1407035352930133,-3.2768175911781268,2.630458039319397,,0.004614516205858787,-0.03847539461980394,0.05776377077941465,0.9975779152699701
1603972687414181640,,490,,1603972687,370279064,"""map_zed""",,,2.11066960697551,-3.281919236202068,2.6395354869230516,,0.006008786131050208,-0.036733023710602095,0.05789595452226202,0.9976285069645233
1603972687481633928,,491,,1603972687,437028064,"""map_zed""",,,2.1280340892482723,-3.2687459075326935,2.6397213737642073,,0.00578257788228126,-0.037597061552316645,0.05772906376393693,0.9976073265331435
1603972687548278248,,492,,1603972687,503782064,"""map_zed""",,,2.1394664794179468,-3.267109732637988,2.6415204457972528,,0.006797683188940052,-0.037506586499523674,0.05721374402233783,0.9976340185495696
1603972687615858312,,493,,1603972687,570528064,"""map_zed""",,,2.1438216096168947,-3.247685947421783,2.639863411957378,,0.006404912151311075,-0.03755661503209912,0.056230705688556815,0.9976906261489238
1603972687682619496,,494,,1603972687,637279064,"""map_zed""",,,2.162958503323355,-3.2455197286645228,2.6402433895181296,,0.007939264308382727,-0.03782171072952337,0.056419466615439236,0.9976589247165402
1603972687748045768,,495,,1603972687,704154064,"""map_zed""",,,2.176819613268542,-3.2430002206237627,2.645925573561326,,0.00645820035041854,-0.0372634510226111,0.055947637936996024,0.9977171887240343
1603972687815327976,,496,,1603972687,770903064,"""map_zed""",,,2.193092325320985,-3.2438507688273,2.6504601550331546,,0.008142189919619715,-0.03590486139379599,0.05641035269936477,0.9977286293276035
1603972687882874312,,497,,1603972687,837655064,"""map_zed""",,,2.2135560770369995,-3.2397191387128306,2.654678685680104,,0.007029385048841971,-0.03652106333848721,0.05568025798896304,0.9977557359137275
1603972687949276360,,498,,1603972687,904403064,"""map_zed""",,,2.2294064960768654,-3.2372512656554515,2.6575056319531223,,0.008155904690765567,-0.0349999218341169,0.05436954634285217,0.99787395953635
1603972688018245512,,499,,1603972687,971158064,"""map_zed""",,,2.2278022755029214,-3.217609281513049,2.6542361274126507,,0.008503842214711952,-0.037670709401645165,0.05447058782384279,0.9977682884231635
1603972688082697064,,500,,1603972688,38030064,"""map_zed""",,,2.2394117424917503,-3.2077359539090664,2.653761057612091,,0.009186145992659545,-0.03509516323651989,0.05319101073770846,0.9979251778645053
1603972688149498856,,501,,1603972688,104778064,"""map_zed""",,,2.2462774773024656,-3.1933662104342577,2.653181817668917,,0.008454636158960903,-0.03786325270112015,0.05322027843101578,0.9978288907352983
1603972688217210216,,502,,1603972688,171530064,"""map_zed""",,,2.24762465735201,-3.1787153452638925,2.6511263013609137,,0.008278310952588009,-0.03614476946956383,0.05334458693758348,0.9978874587107621
1603972688282885160,,503,,1603972688,238281064,"""map_zed""",,,2.2760761436383437,-3.185162422641411,2.660440801604694,,0.008217789171924044,-0.037183187626839934,0.053260720872171576,0.9978542850091939
1603972688350774952,,504,,1603972688,305028064,"""map_zed""",,,2.2788590995371245,-3.1910039198013855,2.6642458130548468,,0.006946219415675072,-0.03545822348297904,0.05332950348394803,0.9979230573954166
1603972688415896616,,505,,1603972688,371903064,"""map_zed""",,,2.2950188516172303,-3.1779054773042366,2.6663085222591483,,0.00845551647063713,-0.036529219345279994,0.05293968504690076,0.997893536466879
1603972688482121192,,506,,1603972688,438653064,"""map_zed""",,,2.304012832165475,-3.166522734782232,2.665410645612557,,0.007661309799534598,-0.036077300889614694,0.05159257945874559,0.9979869430195311
1603972688550646344,,507,,1603972688,505402064,"""map_zed""",,,2.3128730731529057,-3.156344147921662,2.6654660325775024,,0.00840514135814432,-0.037262848737087774,0.05195852261336415,0.9979184062991238
1603972688617041704,,508,,1603972688,572155064,"""map_zed""",,,2.314398296542793,-3.1395596254024185,2.6626814623566877,,0.008731228341616213,-0.0364916736160186,0.05086832518116188,0.9980002689887474
1603972688683943272,,509,,1603972688,638906064,"""map_zed""",,,2.3168704211447113,-3.128536649350057,2.6624880385355887,,0.008658391610393222,-0.0375595883190701,0.05095320677458465,0.9979569531294471
1603972688749595944,,510,,1603972688,705780064,"""map_zed""",,,2.3329858942272286,-3.1224607288555015,2.666082481679688,,0.008706446962785672,-0.036438346853866606,0.049566411767053016,0.9980679413168125
1603972688820055080,,511,,1603972688,772528064,"""map_zed""",,,2.3446230630410714,-3.1166567665660185,2.6681561802278,,0.008824594042194055,-0.03762142614787047,0.04963730492534851,0.9980194851776887
1603972688883970056,,512,,1603972688,839279064,"""map_zed""",,,2.353978960233496,-3.1127243924190475,2.670423512019381,,0.007865724142247144,-0.03623576456938974,0.048393450606213785,0.9981398567777032
1603972688952081288,,513,,1603972688,906026064,"""map_zed""",,,2.3662901578365685,-3.110695219045951,2.673365259393107,,0.008444054030002595,-0.037384021928831244,0.04896936925274198,0.9980646941611309
1603972689018580552,,514,,1603972688,972779064,"""map_zed""",,,2.3820261156983733,-3.104926574823558,2.675650343992786,,0.00772136960694583,-0.03598756336849745,0.047764290040872744,0.9981802684540918
1603972689083234824,,515,,1603972689,39528064,"""map_zed""",,,2.3964717090534235,-3.09920024038637,2.6778872157282274,,0.008109181278734001,-0.03669223230387814,0.047866039513398115,0.9981466643378861
1603972689150774024,,516,,1603972689,106403064,"""map_zed""",,,2.419886058871451,-3.096637725182788,2.674342328818029,,0.00817506712321277,-0.03643977843065842,0.04737429582134947,0.9981788351397193
1603972689218870504,,517,,1603972689,173154064,"""map_zed""",,,2.4395423884126988,-3.0927891057933583,2.676456728846232,,0.008709013313899944,-0.03744057874758767,0.047828043928645855,0.9981156417790994
1603972689285404328,,518,,1603972689,239902064,"""map_zed""",,,2.439470554881256,-3.068603050697809,2.672588153236449,,0.007925175028399492,-0.03672896650860617,0.04614144876836923,0.9982280006719582
1603972689351212936,,519,,1603972689,306663064,"""map_zed""",,,2.4662771249241646,-3.076382037966622,2.6748723720675875,,0.008739757719395084,-0.038098064923300784,0.047221021851406586,0.9981193962544838
1603972689419345480,,520,,1603972689,373404064,"""map_zed""",,,2.463263331132609,-3.0627804255469004,2.6728628113076867,,0.008384728785595173,-0.037923220460767064,0.04577587907273153,0.9981964208351954
1603972689485990376,,521,,1603972689,440284064,"""map_zed""",,,2.476600643580014,-3.056448987147026,2.67572749637497,,0.008918653927443367,-0.03807635127709338,0.045674363753151745,0.9981906138515282
1603972689550937320,,522,,1603972689,507032064,"""map_zed""",,,2.4797282674359877,-3.0431658208164905,2.674841444693537,,0.008610934216435148,-0.03740235131271402,0.04502492128683219,0.9982483019726681
1603972689619542088,,523,,1603972689,573776064,"""map_zed""",,,2.4969439724644658,-3.0365417605781526,2.6773066401583887,,0.009351733231977681,-0.03848855980076155,0.04421507237819279,0.9982365467285859
1603972689685657672,,524,,1603972689,640529064,"""map_zed""",,,2.510758292790185,-3.0259446245291013,2.676139356469731,,0.008350893876967962,-0.03841647888351447,0.04379807424096156,0.9982665803353488
1603972689751154664,,525,,1603972689,707278064,"""map_zed""",,,2.529961719268488,-3.0203699630549594,2.6780824927347844,,0.009494841706227723,-0.03907947108955294,0.04365153089276779,0.9982370393704354
1603972689818914728,,526,,1603972689,774155064,"""map_zed""",,,2.548676439844861,-3.01514944077565,2.681867778872761,,0.00756146506396206,-0.03741031788334816,0.04245292285491535,0.9983691910826515
1603972689886778824,,527,,1603972689,840905064,"""map_zed""",,,2.557559536302982,-3.0037530571420694,2.682062619401426,,0.008215975814358848,-0.03847210046805834,0.04251605575832042,0.9983209805617375
1603972689952917512,,528,,1603972689,907653064,"""map_zed""",,,2.576451959903862,-2.993878585708227,2.6845238712110127,,0.0073890361147277055,-0.03708909133392957,0.04116340413973107,0.9984364654843831
1603972690018987432,,529,,1603972689,974402064,"""map_zed""",,,2.5773891550383174,-2.9804343587180226,2.6818811276683263,,0.009068600133677218,-0.03931270640153,0.041816164875962014,0.9983104126282911
1603972690085171400,,530,,1603972690,41153064,"""map_zed""",,,2.5738053821944957,-2.965024067162928,2.683303868225146,,0.007714612179409629,-0.037448936354367135,0.04016539949651282,0.998461217378088
1603972690151613608,,531,,1603972690,108028064,"""map_zed""",,,2.5938173380574536,-2.9648945456898903,2.685583475673906,,0.008924499940634023,-0.040138862375935315,0.04112157158898558,0.9983076887302968
1603972690221948744,,532,,1603972690,174778064,"""map_zed""",,,2.5878161507451583,-2.9386466240854396,2.6844047963164814,,0.008141275567831348,-0.03875227679568707,0.039782937970584756,0.9984234064372227
1603972690286940008,,533,,1603972690,241531064,"""map_zed""",,,2.617072882374371,-2.9453676104562474,2.6842380335967344,,0.009298200821850134,-0.04120664344088342,0.03955718546132779,0.9983239880300335
1603972690353060392,,534,,1603972690,308277064,"""map_zed""",,,2.576291161863619,-2.9405535048256413,2.6942090914036307,,0.008462563193752269,-0.03836621733243698,0.038572866636768725,0.9984831257218191
1603972690419205864,,535,,1603972690,375028064,"""map_zed""",,,2.6017078711544723,-2.919316028949235,2.684406738383374,,0.010285102855174443,-0.041116681321282246,0.03779845718905417,0.9983861536552426
1603972690487143304,,536,,1603972690,441907064,"""map_zed""",,,2.62393938224889,-2.92225579141641,2.691274365192995,,0.008480153789341393,-0.04066260813673195,0.037396575424164684,0.9984368459936624
1603972690553870408,,537,,1603972690,508655064,"""map_zed""",,,2.6408341474015433,-2.9165678703771682,2.688363781072764,,0.010148001107083764,-0.04021693474297819,0.03659728242886841,0.9984689555275273
1603972690620682280,,538,,1603972690,575406064,"""map_zed""",,,2.646276351529324,-2.903849621422858,2.6906016583760626,,0.008766993743137915,-0.040071054666288644,0.03655246588036523,0.9984895430782957
1603972690688199912,,539,,1603972690,642153064,"""map_zed""",,,2.67857188999682,-2.9055914479242686,2.691374459225798,,0.009290987019230765,-0.038909231741610574,0.03590776896849176,0.9985541454388899
1603972690753987016,,540,,1603972690,708905064,"""map_zed""",,,2.7000326661716096,-2.9005919259873885,2.6948277466599393,,0.0076875222665574085,-0.039898319488361485,0.03532812607650548,0.9985494227184393
1603972690822422760,,541,,1603972690,775651064,"""map_zed""",,,2.718336602579342,-2.898233373765279,2.694299102125365,,0.00954024601282836,-0.037904747404831594,0.03525550344364629,0.9986136706990976
1603972690886120360,,542,,1603972690,842530064,"""map_zed""",,,2.7102127575100257,-2.874988802668118,2.692787878831587,,0.008913640897466458,-0.040807832184770396,0.03532918183282238,0.9985024370272483
1603972690954491464,,543,,1603972690,909275064,"""map_zed""",,,2.707481509176382,-2.8569947940030374,2.6942320029565363,,0.009186957384505666,-0.039859464061057254,0.034957536908174804,0.9985513474789838
1603972691021149288,,544,,1603972690,976031064,"""map_zed""",,,2.7278389682495625,-2.848393585701671,2.6906875272835324,,0.00967286880495469,-0.041787113165328744,0.03525381092821199,0.9984575311937048
1603972691088973896,,545,,1603972691,42781064,"""map_zed""",,,2.7536726476948434,-2.839101250167624,2.6918772330904557,,0.009880911491332816,-0.040995999890509775,0.035192683098585316,0.9984904459419731
1603972691155288744,,546,,1603972691,109526064,"""map_zed""",,,2.7740610413171307,-2.8317874365994586,2.6878050277369456,,0.010708844605680968,-0.04104994358745074,0.0344733568783699,0.9985047873917355
1603972691221038696,,547,,1603972691,176403064,"""map_zed""",,,2.7629918233914643,-2.8044779497297747,2.69064305269974,,0.010435405219395712,-0.04063933355191073,0.03424784924189671,0.9985322386927064
1603972691289792424,,548,,1603972691,243155064,"""map_zed""",,,2.761878610765236,-2.7848007530250034,2.6918340444941764,,0.010726917003904305,-0.03755026124745526,0.032978190338805356,0.9986928206880316
1603972691354250344,,549,,1603972691,309905064,"""map_zed""",,,2.7726322299436053,-2.775666355501443,2.6930464054371863,,0.010512940608732448,-0.040712781340009045,0.03309028602962903,0.9985674641634361
1603972691422275816,,550,,1603972691,376657064,"""map_zed""",,,2.7705459995256025,-2.763347814690091,2.69665950423083,,0.01018171738919744,-0.03930834609219074,0.03136898147564457,0.9986827191654434
1603972691489478248,,551,,1603972691,443403064,"""map_zed""",,,2.7773457587540635,-2.7668393564070564,2.698965407154031,,0.009439753495312649,-0.040205445680729125,0.0321738090963136,0.9986286893534532
1603972691555231176,,552,,1603972691,510277064,"""map_zed""",,,2.7572089119177488,-2.7795828431965983,2.701288932956986,,0.008866708699223121,-0.039713770032590044,0.032303918056618204,0.9986494153729991
1603972691622855272,,553,,1603972691,577028064,"""map_zed""",,,2.744148664343235,-2.824524482490825,2.701384469470463,,0.010261896391474245,-0.03948819017342859,0.033382826611016846,0.9986095148789323
1603972691689679304,,554,,1603972691,643779064,"""map_zed""",,,2.7473030491914026,-2.815260587326592,2.7027521254018323,,0.009391484327875555,-0.03916612466462703,0.03174156856855211,0.9986842782009148
1603972691755323368,,555,,1603972691,710527064,"""map_zed""",,,2.776621860807647,-2.8169030928577716,2.707026386316167,,0.010726917735380447,-0.037370667559391814,0.031151138827773987,0.9987582154815031
1603972691823360008,,556,,1603972691,777284064,"""map_zed""",,,2.7655095952204456,-2.7912693113077736,2.7034028855990204,,0.009940301803116912,-0.04059016624388906,0.030735549841234677,0.9986535709545695
1603972691890580008,,557,,1603972691,844154064,"""map_zed""",,,2.766752525108839,-2.7806207460060923,2.7053487507549328,,0.009902002403550016,-0.03949913055339717,0.02990672957952544,0.9987228627401011
1603972691957732968,,558,,1603972691,910904064,"""map_zed""",,,2.7835505931590436,-2.777381134631745,2.70800814472936,,0.009250803789236081,-0.040842324224432625,0.02954555469527052,0.9986858301683008
1603972692023642408,,559,,1603972691,977657064,"""map_zed""",,,2.7908597587519384,-2.7748474019809253,2.7123820611950444,,0.00937957674460524,-0.03929659290096281,0.0275638434439703,0.9988033018873458
1603972692088886152,,560,,1603972692,44405064,"""map_zed""",,,2.7903896335414347,-2.768948822615096,2.7138930916461845,,0.007866671504359645,-0.040515394025518604,0.028154612287158556,0.9987511883013503
1603972692157818856,,561,,1603972692,111156064,"""map_zed""",,,2.7758019912071745,-2.7492518162723116,2.718918010032833,,0.010124479290575927,-0.03931251490338183,0.027863334506863555,0.9987870922680292
1603972692222147784,,562,,1603972692,178044064,"""map_zed""",,,2.7884754489244297,-2.743322881454054,2.7193903853746595,,0.008998494866149249,-0.03863038611462738,0.027453611499916736,0.9988358321437965
1603972692290487880,,563,,1603972692,244778064,"""map_zed""",,,2.803408347765071,-2.747719028596568,2.7247173516134984,,0.007942078695507672,-0.039714332972058945,0.027389487459976464,0.9988040403999467
1603972692355840424,,564,,1603972692,311528064,"""map_zed""",,,2.8287056557312886,-2.745558501483241,2.725479549171053,,0.008782277985765577,-0.03911872656691674,0.02716496453341993,0.9988266423794779
1603972692422399400,,565,,1603972692,378283064,"""map_zed""",,,2.8179307833921756,-2.7242592096303,2.726563220640326,,0.007269079592046175,-0.04012939850386511,0.02630778123925493,0.9988216519999303
1603972692490256712,,566,,1603972692,445029064,"""map_zed""",,,2.8132685111497544,-2.6993532133027056,2.7243059195113246,,0.008762744437882209,-0.03944458149575841,0.0256681689751007,0.9988535850674044
1603972692557312200,,567,,1603972692,511785064,"""map_zed""",,,2.8284362739254054,-2.694073188902803,2.726754739393518,,0.00869017192328221,-0.03871996349720755,0.025265015801914478,0.9988928492662502
1603972692622684488,,568,,1603972692,578653064,"""map_zed""",,,2.8479998363490844,-2.68950521289917,2.73084605761218,,0.007987913708720264,-0.03860240818171533,0.02407200644458609,0.9989327233717424
1603972692690678312,,569,,1603972692,645403064,"""map_zed""",,,2.8669382727303203,-2.687932183145762,2.7349325778616054,,0.010261895978085684,-0.03679706124597715,0.024476239247160133,0.9989702615628308
1603972692757212296,,570,,1603972692,712155064,"""map_zed""",,,2.8935398903420717,-2.674047337173803,2.7314289018331186,,0.007437278430286873,-0.039437777836442305,0.022594881913130655,0.9989388469171702
1603972692889509512,,571,,1603972692,845658064,"""map_zed""",,,2.8913026839314453,-2.662612701651088,2.736526741907303,,0.007083234520073937,-0.03850926536508641,0.021648474474296138,0.9989986025128917
1603972692957994920,,572,,1603972692,912540064,"""map_zed""",,,2.860006186071101,-2.6757663840117,2.750459323213721,,0.00821960228069514,-0.03759151216199777,0.02301438086406747,0.9989943216180787
1603972693025486856,,573,,1603972692,979281064,"""map_zed""",,,2.88074123001692,-2.6684700554587635,2.7539148650632086,,0.007206285606177867,-0.03664549931567534,0.022485471128781312,0.9990493383290856
1603972693093442248,,574,,1603972693,46029064,"""map_zed""",,,2.9070993538507417,-2.6464929705866864,2.7521932118805226,,0.006158202317094139,-0.03710796993992492,0.0203824524125226,0.9990843962072526
1603972693157500488,,575,,1603972693,112777064,"""map_zed""",,,2.9308398191212115,-2.6410838830460963,2.7541243996843208,,0.008316026066489327,-0.03455128892120039,0.02070342748676434,0.9991538521342174
1603972693225665320,,576,,1603972693,179531064,"""map_zed""",,,2.9303324511922906,-2.6209933918666293,2.7522127552676823,,0.006059411163404573,-0.0366975117295356,0.019818671641555277,0.9991115034987724
1603972693291537832,,577,,1603972693,246405064,"""map_zed""",,,2.944556965478829,-2.633303842539483,2.759665760293106,,0.006670447630754645,-0.0358367344077441,0.02076415748315439,0.999119654175319
1603972693359919528,,578,,1603972693,313154064,"""map_zed""",,,2.9629885741955486,-2.62406320214442,2.761400407964078,,0.005827499131343177,-0.036669887875698526,0.019952055215563955,0.9991112425899996
1603972693425952168,,579,,1603972693,379904064,"""map_zed""",,,2.983013775539589,-2.61483903586894,2.760850619463239,,0.0059677277345118645,-0.036611530145843174,0.01909337338153799,0.9991293335594646
1603972693491277096,,580,,1603972693,446657064,"""map_zed""",,,3.0023278024837943,-2.6078376173951683,2.7580460256665504,,0.006805351798320197,-0.03723925159409002,0.018762330499399904,0.9991070514623768
1603972693559226120,,581,,1603972693,513397064,"""map_zed""",,,3.021745555108856,-2.5605122673538228,2.7473276914935942,,0.007465275956135225,-0.03868126879723478,0.01779297744107275,0.9990652826782224
1603972693624804136,,582,,1603972693,580283064,"""map_zed""",,,3.0268876325271115,-2.5712832117082227,2.751256265824629,,0.007716543677793628,-0.037416492486470845,0.017818920709096343,0.9991110784634717
1603972693691724200,,583,,1603972693,647029064,"""map_zed""",,,3.0460528542005636,-2.5736294484180564,2.75634996887133,,0.005096344230762292,-0.03804502974009966,0.017989121213330603,0.9991010932360792
1603972693758854024,,584,,1603972693,713778064,"""map_zed""",,,3.0512746949535727,-2.5654574263069083,2.756157756381032,,0.008142190255270841,-0.038156689156285895,0.017747277832512214,0.9990809806717438
1603972693826458888,,585,,1603972693,780532064,"""map_zed""",,,3.0127285601350584,-2.5598259311888825,2.768520624357226,,0.0056364239162795095,-0.03639456315377303,0.017723752468902117,0.9991644184500883
1603972693892786088,,586,,1603972693,847282064,"""map_zed""",,,3.05713832613415,-2.5383288079525195,2.7641330738310015,,0.006227978920857429,-0.038041110776445605,0.017092458766571724,0.9991105714698292
1603972693959233288,,587,,1603972693,914154064,"""map_zed""",,,3.0621003240531515,-2.5512811911077127,2.7545968815579145,,0.006314705619922847,-0.03744256885723345,0.017047066317830827,0.9991334125432201
1603972694025757608,,588,,1603972693,980903064,"""map_zed""",,,3.000271501422749,-2.5736846298006593,2.7593964739187236,,0.0057903033904534934,-0.037483535248672074,0.0186799482952341,0.9991058585072933
1603972694095437576,,589,,1603972694,47654064,"""map_zed""",,,3.0621778347455626,-2.5294246882217815,2.7665882324697755,,0.008837249996350438,-0.03790789442201838,0.016668744262672577,0.9991031215633833
1603972694160382472,,590,,1603972694,114403064,"""map_zed""",,,3.0837391332101274,-2.524049636122214,2.7726596984750542,,0.006368748816101946,-0.036769110550268984,0.015968365525623567,0.9991759018562745
1603972694226608872,,591,,1603972694,181154064,"""map_zed""",,,3.1103130489228104,-2.5245025694332046,2.7718973555470927,,0.007218681691015747,-0.03829079714103796,0.015682592027328794,0.9991174914874887
1603972694293208104,,592,,1603972694,248031064,"""map_zed""",,,3.108476787973775,-2.4990216344544036,2.7693906342167876,,0.007838207657232758,-0.038113513850299714,0.014435299404239486,0.9991384011706362
1603972694359660840,,593,,1603972694,314779064,"""map_zed""",,,3.1336471830143937,-2.485576658249256,2.767769101594816,,0.007690429637285178,-0.037998392929874836,0.013618911527579224,0.9991553956595264
1603972694426481608,,594,,1603972694,381531064,"""map_zed""",,,3.1321247451581518,-2.4785417127622997,2.7673950300192507,,0.010068395994721362,-0.038931626394840775,0.01357836726898043,0.9990988859020186
1603972694493192936,,595,,1603972694,448279064,"""map_zed""",,,3.172140426763122,-2.488997340203215,2.777638894176148,,0.007002836562245878,-0.038280867058076706,0.0138865374093686,0.9991459851173614
1603972694559164840,,596,,1603972694,515017064,"""map_zed""",,,3.192499165077102,-2.4831291550401717,2.7758276333089076,,0.006785616260855361,-0.0396164729152421,0.012249072981544184,0.9991168353585126
1603972694627925160,,597,,1603972694,581781064,"""map_zed""",,,3.139844170639668,-2.479071874619698,2.780100910163834,,0.00857017084457277,-0.03897485456421096,0.013460431064584128,0.999112771252049
1603972694696238856,,598,,1603972694,648653064,"""map_zed""",,,3.0922042469585356,-2.5139901351939016,2.8059410022901536,,0.0053335086602289295,-0.03633453208428018,0.013449356461802946,0.9992349424806716
1603972694761587208,,599,,1603972694,715411064,"""map_zed""",,,3.12681334957031,-2.5138507658239275,2.8051232500381964,,0.008920324873253734,-0.036673545454820246,0.012831326440229463,0.999205102033468
1603972694828496552,,600,,1603972694,782153064,"""map_zed""",,,3.1563152913426915,-2.4757180166263693,2.797263921706574,,0.008051089699755038,-0.039078137590661734,0.011592181050018089,0.9991364773921505
1603972694893776584,,601,,1603972694,848907064,"""map_zed""",,,3.1806383595159424,-2.466873661279715,2.7963870675851545,,0.007852451944557616,-0.03751095789730926,0.010466773154585737,0.9992105452284894
1603972694961411144,,602,,1603972694,915654064,"""map_zed""",,,3.202171141747845,-2.460730119346369,2.7969692175540946,,0.009555072658120244,-0.037117407248229754,0.009776300888252855,0.9992174050758971
1603972695029080136,,603,,1603972694,982528064,"""map_zed""",,,3.216900045495865,-2.446048425435695,2.7986985732551064,,0.0076125301313461485,-0.037507582403041764,0.009066957036300425,0.9992262110940546
1603972695094457096,,604,,1603972695,49280064,"""map_zed""",,,3.236760058102207,-2.440270826815928,2.7963882762098375,,0.007874244877690171,-0.039147284148568814,0.00789125827859914,0.9991712638252652
1603972695161065480,,605,,1603972695,116037064,"""map_zed""",,,3.2408754299049383,-2.424164194463549,2.7947610548438484,,0.008762744569055096,-0.03885807236063363,0.007326253020770193,0.9991794586242798
1603972695227619848,,606,,1603972695,182778064,"""map_zed""",,,3.25363701499739,-2.421647244094399,2.796346862508564,,0.008145850365630496,-0.03882277486321903,0.007340477040894805,0.9991859459933135
1603972695294786056,,607,,1603972695,249526064,"""map_zed""",,,3.259981281304257,-2.4140562164768262,2.7968225236836286,,0.009265290048279015,-0.038998743366970484,0.007102142865266251,0.9991710624226663
1603972695362253640,,608,,1603972695,316410064,"""map_zed""",,,3.2771724645536002,-2.392720552682864,2.7982994555774146,,0.006428135045767947,-0.03717917921468684,0.004470174167777624,0.9992779419439144
1603972695428343880,,609,,1603972695,383156064,"""map_zed""",,,3.316260982153289,-2.3939007359733933,2.7944634761266527,,0.009009252468094218,-0.040846523648946226,0.005972719861180136,0.9991069619881657
1603972695495972680,,610,,1603972695,449903064,"""map_zed""",,,3.3266329357894064,-2.375055414439408,2.7917104488469593,,0.01120655958743622,-0.04016039058586698,0.004590233220066563,0.9991198555774924
1603972695562863880,,611,,1603972695,516658064,"""map_zed""",,,3.340354560291807,-2.371047114133934,2.7939674548595503,,0.0076144874053053774,-0.03931422204947634,0.004813658129710342,0.999186289048048
1603972695629648040,,612,,1603972695,583402064,"""map_zed""",,,3.366533140330836,-2.37331317543773,2.7990686924757537,,0.009871859465626196,-0.03844982526702501,0.006648070888495864,0.9991896519085292
1603972695695585320,,613,,1603972695,650284064,"""map_zed""",,,3.3876497442739906,-2.365500107408787,2.7983577260471195,,0.009227417127083902,-0.03960048286148538,0.004637065201676078,0.9991622261457923
1603972695761328424,,614,,1603972695,717029064,"""map_zed""",,,3.4093879354335783,-2.357236788274026,2.7982857611379823,,0.008819526816861782,-0.038729197504670104,0.004085253842664437,0.9992024699270974
1603972695831407592,,615,,1603972695,783780064,"""map_zed""",,,3.4321362176030377,-2.350535736084133,2.7962715382705725,,0.010854652447617531,-0.038915549535346115,0.0033049283985226,0.9991780792095492
1603972695895202248,,616,,1603972695,850538064,"""map_zed""",,,3.4419765963162416,-2.334078583121859,2.7963350767861153,,0.00772426339540795,-0.03833921099860393,0.0014597485420430134,0.9992338614104292
1603972695962508424,,617,,1603972695,917277064,"""map_zed""",,,3.469739899760492,-2.333193815361118,2.79832008285587,,0.008229561921265392,-0.038372206708347595,0.0,0.9992296272944052
1603972696028042920,,618,,1603972695,984156064,"""map_zed""",,,3.472062707351051,-2.3249674785341616,2.79721095639709,,0.009951529878798979,-0.038033635360618476,0.0,0.9992269059799815
1603972696097840360,,619,,1603972696,50904064,"""map_zed""",,,3.4795832905668376,-2.3162095135464686,2.7961545949965427,,0.008147678269451834,-0.039043987966420154,0.0,0.9992042745817772
1603972696161435592,,620,,1603972696,117654064,"""map_zed""",,,3.5092242544659205,-2.318056913023392,2.804651705774122,,0.009440540347627263,-0.03689876220319976,0.0,0.9992744155365014
1603972696229184904,,621,,1603972696,184403064,"""map_zed""",,,3.5121307882520965,-2.3055584734743997,2.8037718959625155,,0.008111015466426005,-0.03802013377470716,0.0,0.9992440547012811
1603972696297078760,,622,,1603972696,251155064,"""map_zed""",,,3.548896250949954,-2.3091242182344325,2.8050021717291154,,0.007227959361609853,-0.03841199124415651,0.0,0.9992358458002424
1603972696362423144,,623,,1603972696,317906064,"""map_zed""",,,3.567003776217628,-2.302726183554348,2.8015403466626885,,0.01022260588716152,-0.038522578932099406,0.0,0.9992054389570225
1603972696429610600,,624,,1603972696,384778064,"""map_zed""",,,3.5585347542707684,-2.2678053414851767,2.8018789140331477,,0.006493863338607661,-0.03780179594086294,0.0,0.9992641562482789
1603972696495989320,,625,,1603972696,451530064,"""map_zed""",,,3.5749596280339033,-2.2748701149225483,2.808863322625239,,0.007896920880176756,-0.03780358387193828,-0.0002441406316184249,0.9992539557501895
1603972696565234824,,626,,1603972696,518280064,"""map_zed""",,,3.5980901348373786,-2.275431991826833,2.812361855499058,,0.009214484391500312,-0.03705309423599654,0.0,0.9992708148870041
1603972696631115656,,627,,1603972696,585033064,"""map_zed""",,,3.6179090452833913,-2.259191284775422,2.8100804154648986,,0.006846828149187695,-0.037447345762364935,-0.002273917972614428,0.9992725586829166
1603972696697173672,,628,,1603972696,651780064,"""map_zed""",,,3.6413246329626467,-2.268260329365936,2.811386432620474,,0.007875190862621471,-0.039167451682650026,-0.0026938570029937177,0.9991979960108067
1603972696765593736,,629,,1603972696,718655064,"""map_zed""",,,3.62788251451604,-2.240227165223194,2.80545961853137,,0.009062024651136296,-0.03978874111969632,-0.0015099263793598302,0.9991658800778082
1603972696832189256,,630,,1603972696,785412064,"""map_zed""",,,3.627422552754446,-2.2398762929440075,2.8093559040083953,,0.00853707086304488,-0.03960575180691558,-0.0017046191571350054,0.9991774602734078
1603972696896916648,,631,,1603972696,852156064,"""map_zed""",,,3.6524178498166364,-2.232842590211484,2.8084276999738322,,0.011266237264826798,-0.039125200847293776,-0.0018633224767322593,0.9991690640656862
1603972696965281768,,632,,1603972696,918904064,"""map_zed""",,,3.673146229049038,-2.2251569587003797,2.814525265941422,,0.00870216599894822,-0.03680333707149285,-0.0032732145364482886,0.9992792766558942
1603972697030111624,,633,,1603972696,985653064,"""map_zed""",,,3.693501356225255,-2.225365325211778,2.817053292546374,,0.007785751568159719,-0.03815883811668752,-0.004239198331727626,0.9992323625381674
1603972697099015624,,634,,1603972697,52537064,"""map_zed""",,,3.7067873739041546,-2.2222801166776427,2.8191647833898417,,0.009917790175982408,-0.03779096569204408,-0.0029398424398861802,0.9992321240214991
1603972697164884424,,635,,1603972697,119288064,"""map_zed""",,,3.7270936290566876,-2.2179521030188427,2.8165350105518914,,0.007603716454705756,-0.03835863933963136,-0.003927174895602613,0.999227389327088
1603972697230209352,,636,,1603972697,186029064,"""map_zed""",,,3.732259706855482,-2.2120412367583167,2.823655029655684,,0.009730466480822734,-0.03610682055341595,-0.00288096275080338,0.999296410273357
1603972697296928520,,637,,1603972697,252783064,"""map_zed""",,,3.751826562136519,-2.210858438609692,2.827072577116398,,0.00881699311383702,-0.037381031678313935,-0.003653962501480781,0.9992555066954264
1603972697367499656,,638,,1603972697,319529064,"""map_zed""",,,3.7616673344426452,-2.198385779860145,2.824034439780148,,0.009847676756590736,-0.038628259354620685,-0.004708813703090249,0.9991940291631247
1603972697431303912,,639,,1603972697,386405064,"""map_zed""",,,3.7682770551349507,-2.1895898449420366,2.8242674196470228,,0.010520024912203359,-0.03919996602722933,-0.005291434813378411,0.999161995102359
1603972697496775944,,640,,1603972697,453154064,"""map_zed""",,,3.793159269626748,-2.181385647057407,2.823591169247156,,0.009406545681409285,-0.03855470765481255,-0.006783420101912671,0.9991891896071117
1603972697567826440,,641,,1603972697,519903064,"""map_zed""",,,3.8119321817610534,-2.179726686478366,2.8285779059289826,,0.01185276939427687,-0.037192002607631745,-0.0070716544394799,0.9992128194249754
1603972697631088488,,642,,1603972697,586655064,"""map_zed""",,,3.8409781841804453,-2.1794312632085044,2.8315930777688485,,0.010153872745904185,-0.039147857012337445,-0.007335400103099501,0.9991549109447089
1603972697697902920,,643,,1603972697,653406064,"""map_zed""",,,3.8506280576103284,-2.1687812238943027,2.8253746145489496,,0.011122474368204748,-0.04046626360398039,-0.008000030125704313,0.9990869689831059
1603972697765316584,,644,,1603972697,720284064,"""map_zed""",,,3.8550133504722464,-2.166926428079244,2.8276353585725498,,0.012479861179576036,-0.04072595731725924,-0.008650643690487353,0.9990549613656255
1603972697831888136,,645,,1603972697,787030064,"""map_zed""",,,3.8761421720190747,-2.1635986846697692,2.834406997600159,,0.009945546908064958,-0.03998040287247888,-0.007953327840469163,0.9991193112231971
1603972697899389608,,646,,1603972697,853802064,"""map_zed""",,,3.90243404700764,-2.1634126514188257,2.8359403065988564,,0.010359448433194687,-0.04209921902861796,-0.008789910048026275,0.9990210583699866
1603972697965652968,,647,,1603972697,920529064,"""map_zed""",,,3.905356422509552,-2.152549425364982,2.837502777493282,,0.011320334745321797,-0.04185552107908842,-0.008811075151743529,0.9990206856372505
1603972698031268008,,648,,1603972697,987281064,"""map_zed""",,,3.9231194836489136,-2.1459356284133246,2.8382461310161693,,0.007628173841185378,-0.041239717593007395,-0.010121535873160368,0.9990688921031752
1603972698099618280,,649,,1603972698,54032064,"""map_zed""",,,3.9528208495520665,-2.158920944930132,2.8478584796589823,,0.009927551258975901,-0.0395204387481593,-0.00912184640479911,0.999127804920532
1603972698166682824,,650,,1603972698,120903064,"""map_zed""",,,3.9711353460631664,-2.1343496429935835,2.836497394266069,,0.008474879903993076,-0.04286093640311967,-0.009333390748996383,0.9990015036817448
1603972698233352872,,651,,1603972698,187654064,"""map_zed""",,,3.9809851508480847,-2.133454076051775,2.841738114362708,,0.008410458426932802,-0.04139389829919306,-0.008989382507358127,0.9990670650035368
1603972698298993000,,652,,1603972698,254402064,"""map_zed""",,,4.011715612033776,-2.134608479141075,2.8430571865337204,,0.009000978551841607,-0.04133229384939517,-0.009411296931911334,0.9990605844293508
1603972698368506248,,653,,1603972698,321156064,"""map_zed""",,,4.02713334109143,-2.126452819705844,2.8461064282730737,,0.006408400696217805,-0.04027635890324182,-0.0105483157161434,0.999112346210158
1603972698432216200,,654,,1603972698,387906064,"""map_zed""",,,4.047788618120727,-2.1209695869664507,2.8479352701563587,,0.006920428827550355,-0.0414893647945959,-0.011869730091012973,0.9990444683703275
1603972698501276456,,655,,1603972698,454779064,"""map_zed""",,,4.071778851667547,-2.1208985853171303,2.848628509190369,,0.008499460719960761,-0.041327608953710813,-0.011404269013992455,0.9990444086995811
1603972698566099304,,656,,1603972698,521530064,"""map_zed""",,,4.0942483892608506,-2.1218615198134225,2.8530911298876225,,0.00502419814036025,-0.041008723370167144,-0.01206583382669238,0.999073299460386
1603972698632330728,,657,,1603972698,588279064,"""map_zed""",,,4.093462042952988,-2.097775970695942,2.851463148877596,,0.007790535061355132,-0.04291496593481446,-0.01225150610673921,0.998973229801674
1603972698700922664,,658,,1603972698,655028064,"""map_zed""",,,4.076993499373148,-2.0620049083240826,2.8509106760596348,,0.008688457024425764,-0.042297846177760924,-0.012980844398550368,0.9989829330884276
1603972698767262088,,659,,1603972698,721778064,"""map_zed""",,,4.030564684645047,-2.149086806178397,2.8603209106926437,,0.006238736760858973,-0.04102125818430962,-0.010383154403626782,0.9990848435669692
1603972698833001672,,660,,1603972698,788653064,"""map_zed""",,,4.030151389640878,-2.133538264035396,2.859129702772891,,0.009756465559479345,-0.03990093666481037,-0.009791530786156698,0.9991080284723575
1603972698899300168,,661,,1603972698,855405064,"""map_zed""",,,4.0683163862896015,-2.140886331201452,2.8670258834020963,,0.007072708087724646,-0.03866585707813775,-0.012284907484434721,0.9991516448191524
1603972698967091464,,662,,1603972698,922156064,"""map_zed""",,,4.049075980014109,-2.122198355197097,2.8602552322558217,,0.008900257092228052,-0.041705907631762226,-0.01156515569369853,0.9990233480084856
1603972699036128424,,663,,1603972698,988904064,"""map_zed""",,,4.070763732177825,-2.0986881089225915,2.8637138733019007,,0.009935803476509358,-0.040784089793141416,-0.012734572102058687,0.9990374209720068
1603972699100620392,,664,,1603972699,55653064,"""map_zed""",,,3.8665827152378114,-2.2925232362745542,2.847051266842153,,0.007570328194925837,-0.03864021973865034,-0.0054618790774616935,0.9992095833340037
1603972699166868392,,665,,1603972699,122543064,"""map_zed""",,,3.872701006685615,-2.2845157492148225,2.848361964660677,,0.009613376548201878,-0.038812028147444284,-0.00601002647878797,0.9991822101319402
1603972699234152456,,666,,1603972699,189279064,"""map_zed""",,,3.8720503707863703,-2.2593154853577433,2.849491423978107,,0.0062303712687257875,-0.0384889480648799,-0.007554564862485192,0.9992110447250127
1603972699300529544,,667,,1603972699,256028064,"""map_zed""",,,3.8929778819186724,-2.2542284578076877,2.8486833233877107,,0.007951454651560278,-0.041565077566373225,-0.007588022762701243,0.9990753428077275
1603972699366877512,,668,,1603972699,322778064,"""map_zed""",,,3.905924876634255,-2.2385118699076703,2.8473618825192673,,0.009533214510642702,-0.04081659818775798,-0.007486205182757123,0.9990931287249627
1603972699433797192,,669,,1603972699,389528064,"""map_zed""",,,3.8243031379741974,-2.279526893496198,2.8602972907300335,,0.00537941051852495,-0.039982639683733064,-0.0061290967938256394,0.9991670954544519
1603972699501813256,,670,,1603972699,456408064,"""map_zed""",,,3.7894817506360914,-2.313941317796246,2.8644660591985858,,0.008465204600454135,-0.03826432398671218,-0.004423259402860505,0.9992220056609878
1603972699567434248,,671,,1603972699,523155064,"""map_zed""",,,3.8778053427818175,-2.251259453296705,2.8690128330732096,,0.006881561582379887,-0.041071899154277315,-0.007958010754691667,0.9991008023592399
1603972699633936904,,672,,1603972699,589901064,"""map_zed""",,,3.8986756735059913,-2.240176406502151,2.8686166092285834,,0.0060063062283438875,-0.039667782704080765,-0.009685954387104257,0.9991479237772775
1603972699701617064,,673,,1603972699,656653064,"""map_zed""",,,3.910647656804056,-2.235193158984398,2.8700757775108503,,0.008333925204676374,-0.040862754217227217,-0.009526178294375248,0.999084597486904
1603972699767210376,,674,,1603972699,723403064,"""map_zed""",,,3.924727421898844,-2.216792786717513,2.8683722664519795,,0.006754802541596799,-0.03921896965270854,-0.011136532763880434,0.9991457464754594
1603972699834049928,,675,,1603972699,790280064,"""map_zed""",,,3.9361799118277694,-2.205238940120252,2.864649599532547,,0.00972127353468576,-0.04031075155691614,-0.01056384386003026,0.9990840531970677
1603972699902759720,,676,,1603972699,857028064,"""map_zed""",,,3.968797150830339,-2.2014284789557625,2.870960367146969,,0.0076778247396172014,-0.04138543849537118,-0.01112515391628217,0.999051814190912
1603972699967724296,,677,,1603972699,923778064,"""map_zed""",,,3.948739643753909,-2.1826734548773903,2.8650208899184864,,0.008738052469359013,-0.038539631058906454,-0.011606955460169282,0.9991514509131395
1603972700034280104,,678,,1603972699,990531064,"""map_zed""",,,3.927533371792858,-2.187987552879551,2.8674624593819873,,0.011219849112094919,-0.0382391967383917,-0.011871612877756803,0.999135097785272
1603972700102020872,,679,,1603972700,57276064,"""map_zed""",,,3.903535761697323,-2.1857401990908643,2.8787443919964733,,0.009237101193745503,-0.03717156083712635,-0.01199647490835345,0.9991941931457776
1603972700168896552,,680,,1603972700,124028064,"""map_zed""",,,3.9212936960911566,-2.200962683558267,2.8808466171171188,,0.009169097938022043,-0.0374031474564404,-0.012234466081318122,0.9991832915151553
1603972700234962920,,681,,1603972700,190903064,"""map_zed""",,,3.93886180061678,-2.2022622776029146,2.8725100246332618,,0.010204377457949268,-0.039215549341595,-0.01207200702250029,0.9991057391572632
1603972700301049736,,682,,1603972700,257652064,"""map_zed""",,,3.9284055501874295,-2.2246749544153173,2.8730739229912317,,0.008647197836140461,-0.03794993078275676,-0.012088042654041823,0.9991691087838738
1603972700370531240,,683,,1603972700,324403064,"""map_zed""",,,3.9401049468801435,-2.2296745485066367,2.8756443424376434,,0.010089833382144166,-0.03719741140230192,-0.012135409861609363,0.999183306343125
1603972700435500904,,684,,1603972700,391154064,"""map_zed""",,,3.9372687386384135,-2.2149234712150023,2.8733417556324015,,0.009247581233150887,-0.0367125300422968,-0.013284368093829563,0.9991947747779596
1603972700503653032,,685,,1603972700,457903064,"""map_zed""",,,3.924275793058745,-2.2031828218664513,2.875311342431007,,0.01003875259296219,-0.03787014070999523,-0.012841194556071474,0.9991497283247168
1603972700571042536,,686,,1603972700,524778064,"""map_zed""",,,3.9541993819663577,-2.210369864102245,2.8661281329368533,,0.011042473295767291,-0.03874843331707379,-0.013200537767049733,0.9991007799524757
1603972700636624264,,687,,1603972700,591529064,"""map_zed""",,,3.9485017953838155,-2.2346431851404174,2.866050168108948,,0.008228661288443432,-0.03770846407497462,-0.013760957525714481,0.9991601457816869
1603972700702227912,,688,,1603972700,658278064,"""map_zed""",,,3.9485038238646855,-2.2414783531400357,2.8676799765877052,,0.009407337828226496,-0.035975966882734446,-0.013377703830473405,0.9992188293072054
1603972700773775688,,689,,1603972700,725028064,"""map_zed""",,,3.926940910258683,-2.262788190842791,2.8583273549083326,,0.01032703288953995,-0.03903521643615065,-0.012368921336986192,0.999107909114146
1603972700836429928,,690,,1603972700,791779064,"""map_zed""",,,3.950626207085174,-2.2620562118268714,2.8622263427607186,,0.009394657346630655,-0.03808691919667708,-0.01310196120156338,0.9991443667519314
1603972700902605736,,691,,1603972700,858654064,"""map_zed""",,,3.917285226874984,-2.2576006740320014,2.8667324262814384,,0.008508222382326304,-0.03753974751548925,-0.013015809782075853,0.9991741420813907
1603972700970482824,,692,,1603972700,925403064,"""map_zed""",,,3.9193342452334576,-2.2566158372163048,2.8652258775703245,,0.011823188481214914,-0.03854678188163707,-0.012532288174364041,0.9991082521798236
1603972701035470152,,693,,1603972700,992156064,"""map_zed""",,,3.932138830171035,-2.258734349609529,2.873282231536881,,0.010526397042852634,-0.03888720191722193,-0.012284300961548469,0.9991126445212429
1603972701104354440,,694,,1603972701,58906064,"""map_zed""",,,3.9077511331372126,-2.2683682799345237,2.886409429685132,,0.00837761695929788,-0.03703662263089318,-0.01202377080028702,0.9992064516674831
1603972701170376968,,695,,1603972701,125653064,"""map_zed""",,,3.897081453847811,-2.2663709282866678,2.892712434803795,,0.009029078198396703,-0.03786600712179919,-0.012170967512601084,0.9991679082123016
1603972701237382920,,696,,1603972701,192537064,"""map_zed""",,,3.924041006608888,-2.2115155571712517,2.8785387793613513,,0.012535854345475257,-0.03908481108390334,-0.013709425107236703,0.9990632019855369
1603972701303371592,,697,,1603972701,259279064,"""map_zed""",,,3.95267319049112,-2.202755848168293,2.8848207109574844,,0.01082578582689155,-0.03819064802541821,-0.014620436380626848,0.9991048591637761
1603972701371442600,,698,,1603972701,326028064,"""map_zed""",,,3.8833116325364205,-2.254203752873216,2.8731333545238393,,0.010211676666070615,-0.038422492556154375,-0.011270865205399976,0.9991458358632945
1603972701439309480,,699,,1603972701,392779064,"""map_zed""",,,3.740019823537126,-2.3763368326417904,2.885614852528898,,0.009672869105294413,-0.03587289194744179,-0.005649627249692021,0.9992935769525083
1603972701504046184,,700,,1603972701,459530064,"""map_zed""",,,3.699182343190842,-2.341064918637602,2.8866591640179795,,0.011192589667757888,-0.03803406170954942,-0.006794394258955055,0.9991906586298018
1603972701571533672,,701,,1603972701,526403064,"""map_zed""",,,3.7197404481894,-2.3281810665109477,2.892098655598661,,0.009796095608454135,-0.03637039857358856,-0.00782012609056285,0.9992597641486202
1603972701637856360,,702,,1603972701,593156064,"""map_zed""",,,3.7024834644214533,-2.3451652020222973,2.901394068646951,,0.009017518297180453,-0.03642116315637899,-0.006539596868279326,0.999274445240594
1603972701704755912,,703,,1603972701,659901064,"""map_zed""",,,3.7645291391508677,-2.327598457931996,2.8914444008364204,,0.010778193376099436,-0.03833649312484015,-0.008127536635258883,0.999173702111239
1603972701771889128,,704,,1603972701,726656064,"""map_zed""",,,3.802915258483661,-2.311462544200801,2.9028691524755823,,0.008231378492025473,-0.037315202517556385,-0.009718974512452454,0.9992223784541763
1603972701839184328,,705,,1603972701,793406064,"""map_zed""",,,3.8124636875893274,-2.2476507300134663,2.892962425947426,,0.009936553564212872,-0.03870014155063125,-0.011459665532266154,0.9991357465395356
1603972701905668200,,706,,1603972701,860153064,"""map_zed""",,,3.875908615573368,-2.2609907990721507,2.8835829207760586,,0.009834049781606893,-0.03879032491168659,-0.011692652911622857,0.999130564053581
1603972701971953896,,707,,1603972701,927028064,"""map_zed""",,,3.906745274575448,-2.26358684241934,2.9057846535859984,,0.01033784909904089,-0.03837107103914093,-0.012536448367636658,0.9991314364214752
1603972702038316296,,708,,1603972701,993778064,"""map_zed""",,,3.8710926781076433,-2.2652549886735174,2.895603573946289,,0.01058005240814445,-0.03910062755710712,-0.009850702981037254,0.9991307056969376
1603972702106377320,,709,,1603972702,60521064,"""map_zed""",,,3.8264561423202226,-2.3384188544742504,2.893669608394827,,0.008042757489075462,-0.037823286329323635,-0.009778586325324664,0.9992042295310304
1603972702175121096,,710,,1603972702,127279064,"""map_zed""",,,3.8460634428417864,-2.336329604386985,2.895541694046848,,0.00888349862344447,-0.035947788564929875,-0.010445396432795745,0.9992595927199599
1603972702242928872,,711,,1603972702,194028064,"""map_zed""",,,3.8735984352198503,-2.3378813993933094,2.893335379381256,,0.009981441148125665,-0.03908481012371508,-0.010899176642675245,0.9991265967827657
1603972702306290472,,712,,1603972702,260903064,"""map_zed""",,,3.896938328487739,-2.3335572743416986,2.8990961058380798,,0.009877140632790687,-0.038401350375214256,-0.01166841480766243,0.9991454481096116
1603972702372587976,,713,,1603972702,327655064,"""map_zed""",,,3.8840165218678258,-2.299998427031121,2.9000937120021653,,0.009739650583787212,-0.03815922580362967,-0.012987157557124677,0.9991398032463524
1603972702439088648,,714,,1603972702,394404064,"""map_zed""",,,3.91896372417332,-2.2997461289176724,2.9004860355343336,,0.010825785504712603,-0.03578055549667926,-0.012675342725941317,0.9992206412516381
1603972702505383144,,715,,1603972702,461147064,"""map_zed""",,,3.9484889431866046,-2.29917517900094,2.895019251671676,,0.0121495235009736,-0.039603871954844924,-0.013541554645430179,0.999049822933105
1603972702573844744,,716,,1603972702,527903064,"""map_zed""",,,3.9617471502300057,-2.293632727260341,2.8975985348977438,,0.010841603826677787,-0.038228282378985394,-0.013822004754637972,0.9991146131637655
1603972702641468904,,717,,1603972702,594783064,"""map_zed""",,,4.004922281789882,-2.306709966658674,2.8986513119576034,,0.010696313405437106,-0.04000816144698804,-0.013940622178890945,0.9990448413111545
1603972702706091144,,718,,1603972702,661531064,"""map_zed""",,,4.000297222670607,-2.292456549402613,2.8963261143695145,,0.011883531280161832,-0.03690765212792115,-0.017118158559889254,0.9991013840177764
1603972702773374472,,719,,1603972702,728278064,"""map_zed""",,,4.022715026546264,-2.28533034443837,2.9080247834320163,,0.010618012518183449,-0.03934358477242944,-0.015902908698191727,0.999042760667608
1603972702840029992,,720,,1603972702,795035064,"""map_zed""",,,4.0463983132721895,-2.293166534903101,2.913180223894293,,0.010105328480697348,-0.03776552470708332,-0.015776376931347563,0.9991109815284867
1603972702913098344,,721,,1603972702,861781064,"""map_zed""",,,4.118335841936571,-2.288707139495076,2.9063177463877277,,0.011689467389041593,-0.03828145202022167,-0.015819294423405662,0.9990733890497383
1603972702974939272,,722,,1603972702,928656064,"""map_zed""",,,4.1454937867807775,-2.2795812928689276,2.896493288277361,,0.01361398668502307,-0.03981906519564591,-0.016439204917584348,0.9989789056607565
1603972703039204232,,723,,1603972702,995404064,"""map_zed""",,,4.163379953365223,-2.2777204239327227,2.90153803727926,,0.013426624852960246,-0.04093180039094694,-0.016833315442488773,0.9989299039237074
1603972703108706632,,724,,1603972703,62160064,"""map_zed""",,,4.177110523781114,-2.2785724490938426,2.90722419718296,,0.010678885037870027,-0.03899147936158119,-0.017338280739569115,0.9990320365096103
1603972703175552104,,725,,1603972703,128903064,"""map_zed""",,,4.210357126626251,-2.2755439090714304,2.9096307188301886,,0.010684464884909086,-0.038274250304005296,-0.018153214532842146,0.9990452366013833
1603972703240461128,,726,,1603972703,195656064,"""map_zed""",,,4.23046911347065,-2.275266667604787,2.911892272428979,,0.011936704164953273,-0.04000387870191148,-0.017173344942859763,0.9989806209361395
1603972703308870568,,727,,1603972703,262528064,"""map_zed""",,,4.2526750370218105,-2.266266977786313,2.9132339155131155,,0.010694920045706732,-0.03991531193354313,-0.017662692749560484,0.9989896975661453
1603972703374164040,,728,,1603972703,329279064,"""map_zed""",,,4.2520240886604075,-2.232687038184164,2.913715516131104,,0.009946295638722777,-0.037592502840027735,-0.018065993964581126,0.9990803244961646
1603972703443126760,,729,,1603972703,396029064,"""map_zed""",,,4.313077766189465,-2.262801770568092,2.918712729502293,,0.009089116267992931,-0.03767249096290533,-0.01761326989426506,0.9990935612412626
1603972703508750888,,730,,1603972703,462780064,"""map_zed""",,,4.332360367982708,-2.24306787907404,2.9117676209577223,,0.012534071926734227,-0.03997760713675798,-0.019459402554121992,0.9989324399681848
1603972703576380872,,731,,1603972703,529554064,"""map_zed""",,,4.357819679904976,-2.2392169296749374,2.9173492201606943,,0.011484344151678224,-0.03916650150116619,-0.02009938784359049,0.9989645186931705
1603972703640444200,,732,,1603972703,596414064,"""map_zed""",,,4.382171147677608,-2.2295899075301175,2.9177821016266887,,0.009970984992938865,-0.03792184454356841,-0.021392277600762257,0.9990019437537326
1603972703709286536,,733,,1603972703,663152064,"""map_zed""",,,4.40071660235371,-2.2287147206149176,2.9162867436346924,,0.012712320060885761,-0.038529380392273924,-0.021829092442446917,0.9989381234532979
1603972703778361576,,734,,1603972703,729904064,"""map_zed""",,,4.419627506512688,-2.2191748940881926,2.914032947699542,,0.013134901847633352,-0.0408136783670745,-0.021984861030451896,0.998838517427654
1603972703842218312,,735,,1603972703,796652064,"""map_zed""",,,4.442569151531865,-2.2081943303356026,2.9175202178587787,,0.011604386467593278,-0.04030650138850249,-0.02184342422838419,0.9988811685974004
1603972703909169352,,736,,1603972703,863404064,"""map_zed""",,,4.459540656722391,-2.1889626580494763,2.9185879770862533,,0.011342033904705687,-0.03893220107334872,-0.022931030345314764,0.9989143155615456
1603972703977716584,,737,,1603972703,930153064,"""map_zed""",,,4.411933373453252,-2.223573216794824,2.9181369182393575,,0.012640025471541678,-0.039159271881143175,-0.022410793238556385,0.9989016655948854
1603972704043446376,,738,,1603972703,997028064,"""map_zed""",,,4.4291053061253125,-2.222802799932135,2.9257224036830274,,0.012253330356152496,-0.039177344102997134,-0.023501627659299286,0.9988807061414201
1603972704109861288,,739,,1603972704,63776064,"""map_zed""",,,4.413423874815773,-2.257449081531382,2.888251088409033,,0.01071927537774029,-0.040528630017629554,-0.02204915751607204,0.9988775510226975
1603972704178125128,,740,,1603972704,130528064,"""map_zed""",,,4.446864962728314,-2.3103933858938066,2.8811379195148317,,0.012886370188278661,-0.04184644185077577,-0.019142865623722312,0.9988575311141786
1603972704242445864,,741,,1603972704,197284064,"""map_zed""",,,4.456324799773656,-2.2817076587733482,2.8747869216057196,,0.01207138944181776,-0.04159768580125195,-0.020296368305541473,0.9988553306292809
1603972704309130120,,742,,1603972704,264028064,"""map_zed""",,,4.483736806759136,-2.2932961982441467,2.884506190515176,,0.011422547075496026,-0.040578419238692535,-0.020530688534893905,0.9989000991784314
1603972704375895176,,743,,1603972704,330906064,"""map_zed""",,,4.4943873590249375,-2.2798323899503665,2.8856815942769516,,0.011016804082030282,-0.039465920170223164,-0.021655699805129713,0.998925473615968
1603972704445234024,,744,,1603972704,397655064,"""map_zed""",,,4.507820606892613,-2.2648860538011584,2.8765217416000506,,0.011576102237257316,-0.04017133680614209,-0.02342382656891002,0.9988511310025482
1603972704511204808,,745,,1603972704,464409064,"""map_zed""",,,4.5494368068093936,-2.27907445073883,2.883716223698147,,0.012486425999126081,-0.04295348693313472,-0.02200349019476857,0.9987566938675816
1603972704576917032,,746,,1603972704,531156064,"""map_zed""",,,4.580133355240058,-2.2793507140873595,2.8880588521364876,,0.011351226957039747,-0.04178836243800308,-0.02199841129263123,0.998819779695977
1603972704644468936,,747,,1603972704,597909064,"""map_zed""",,,4.608709687438731,-2.275943344235586,2.894866525368853,,0.013276514438697063,-0.04103251497622793,-0.021802454926492236,0.9988316774303181
1603972704709622664,,748,,1603972704,664778064,"""map_zed""",,,4.627517446196635,-2.2435750621543997,2.8820980820784805,,0.012159330682362844,-0.041792284394797326,-0.02281408926722799,0.9987918066210436
1603972704776364008,,749,,1603972704,731535064,"""map_zed""",,,4.6648261262421835,-2.2681288701236366,2.8914734649725933,,0.014205859245192916,-0.041666586545954634,-0.021592993597016497,0.998797192505182
1603972704842605928,,750,,1603972704,798279064,"""map_zed""",,,4.670475944117966,-2.2445378291559845,2.8902308179813003,,0.01298543536780542,-0.04042665676983844,-0.02330552237366298,0.9988262694370893
1603972704914539368,,751,,1603972704,865034064,"""map_zed""",,,4.714453985954026,-2.2491300368277067,2.8992281246411586,,0.013561896523414593,-0.03657202923220646,-0.023525391597854772,0.9989620200942048
1603972704981685096,,752,,1603972704,931783064,"""map_zed""",,,4.698702146416893,-2.3194105124517277,2.909047008079654,,0.012370126259762582,-0.03883313368122065,-0.021489575397290045,0.9989380190252337
1603972705043150728,,753,,1603972704,998653064,"""map_zed""",,,4.729130756591397,-2.315863527651819,2.9124542086475698,,0.012864381032701806,-0.039207950105785414,-0.022344203592548937,0.998898383678221
1603972705114273064,,754,,1603972705,65405064,"""map_zed""",,,4.751723647514634,-2.288553680767708,2.914235511565147,,0.010584981459856656,-0.037907303379235244,-0.025293017473229394,0.99890502941226
1603972705178619304,,755,,1603972705,132157064,"""map_zed""",,,4.777575953269766,-2.2804851341220567,2.9113528052435904,,0.009877895042183792,-0.036990326036999144,-0.026640430192967694,0.9989116229418625
1603972705244909704,,756,,1603972705,198913064,"""map_zed""",,,4.801288106745261,-2.2853379505844518,2.917988613931925,,0.011547103612651615,-0.039758958226987245,-0.02501786333113124,0.9988293128223702
1603972705311961256,,757,,1603972705,265657064,"""map_zed""",,,4.817260907918239,-2.2791045165057646,2.9174765157034854,,0.009266898096489753,-0.04011101301863598,-0.024407042349741517,0.9988541072238858
1603972705377989416,,758,,1603972705,332530064,"""map_zed""",,,4.850274823069194,-2.2769024384049934,2.9217896716242566,,0.009263681120198472,-0.0395884396641908,-0.025176982979793407,0.9988558750816321
1603972705445695784,,759,,1603972705,399282064,"""map_zed""",,,4.862950546320878,-2.270306409595978,2.9171079101367745,,0.008973621017195878,-0.038310051755134446,-0.02577794396442789,0.9988930431559354
1603972705517017800,,760,,1603972705,466027064,"""map_zed""",,,4.883984355870996,-2.27014608562055,2.9183086121973196,,0.010604672116664743,-0.041243690930242966,-0.025560252326853914,0.998765824599909
1603972705579694888,,761,,1603972705,532779064,"""map_zed""",,,4.9092011298318425,-2.2664266902131356,2.9220294291197817,,0.010493788129398626,-0.041041412212443736,-0.02600155073426338,0.9987639372012374
1603972705645416040,,762,,1603972705,599545064,"""map_zed""",,,4.936402826488534,-2.2621015030173095,2.924827710128065,,0.00868073553574968,-0.03966252051471989,-0.028082539679744813,0.9987807067930945
1603972705714062216,,763,,1603972705,666281064,"""map_zed""",,,4.967255319151321,-2.256254473929093,2.926361299868379,,0.010199264723822734,-0.037608355654678176,-0.02925335458462166,0.9988122084904605
1603972705780385160,,764,,1603972705,733157064,"""map_zed""",,,4.977229194624407,-2.2523922628185864,2.9263396887456303,,0.009994121887491483,-0.04175839442689044,-0.027839525664356084,0.9986897991034903
1603972705846366792,,765,,1603972705,799904064,"""map_zed""",,,4.962430121323965,-2.2126228207336696,2.9265485385333423,,0.010495207525372864,-0.04162579875162196,-0.02836841599457221,0.9986753108349319
1603972705914439304,,766,,1603972705,866655064,"""map_zed""",,,4.97342165386266,-2.2239518684156763,2.9329819264465407,,0.011218520802798719,-0.0404552146435712,-0.028038198103620928,0.9987248769537294
1603972705979738152,,767,,1603972705,933403064,"""map_zed""",,,4.990150494920477,-2.234469048987213,2.913952034230081,,0.01327202335709187,-0.04182667530825393,-0.027947169811946247,0.9986457521704926
1603972706045768264,,768,,1603972706,166064,"""map_zed""",,,4.978723163721996,-2.1993873649934494,2.9328614958629617,,0.0125927815265024,-0.0410766130391576,-0.02773629711016107,0.9986915597607071
1603972706113437896,,769,,1603972706,67026064,"""map_zed""",,,5.003801855330853,-2.158904886246685,2.9335346674482397,,0.011757469006760425,-0.04134437140344064,-0.029609285803823167,0.9986369185394645
1603972706181804104,,770,,1603972706,133778064,"""map_zed""",,,5.031945183949474,-2.151678059095847,2.937038833198032,,0.011027619273172064,-0.03942719857869989,-0.03059536040841772,0.9986930517165326
1603972706245587688,,771,,1603972706,200533064,"""map_zed""",,,5.045667427838294,-2.166977225546689,2.9355989596755774,,0.012953264592889816,-0.041084412339804366,-0.029247496173473806,0.9986435139561375
1603972706313245096,,772,,1603972706,267290064,"""map_zed""",,,5.036225549430244,-2.1917789995651367,2.94282061515935,,0.012174028256849928,-0.04065711146381442,-0.027915428114612083,0.9987089271637649
1603972706379930152,,773,,1603972706,334028064,"""map_zed""",,,5.057282287656252,-2.2006839025051748,2.952939952216162,,0.010248818068481514,-0.0398734756464433,-0.02791035634365253,0.9987622738554165
1603972706447199112,,774,,1603972706,400906064,"""map_zed""",,,5.039202348232379,-2.1830493450168613,2.9518942176338823,,0.009934303539006163,-0.038625755147964395,-0.02881712707352618,0.9987887333363711
1603972706514584552,,775,,1603972706,467658064,"""map_zed""",,,5.066506672435247,-2.222122807502368,2.951001529992251,,0.01120523008803095,-0.04192506589214655,-0.028066086101875123,0.9986636202843957
1603972706580544648,,776,,1603972706,534405064,"""map_zed""",,,5.059066136408773,-2.2625344294217067,2.955090855685757,,0.009834050322326735,-0.04214609093859018,-0.027126266024730766,0.9986947302176024
1603972706646181672,,777,,1603972706,601155064,"""map_zed""",,,5.081752123323832,-2.2657939481644718,2.9590421140459697,,0.009294995268223893,-0.04171841291538354,-0.02740961174597536,0.9987101132314222
1603972706713831880,,778,,1603972706,667906064,"""map_zed""",,,5.085324783808424,-2.2616765105774452,2.959248792666364,,0.00906366951349209,-0.039769075956181794,-0.028612665936561955,0.99875802166518
1603972706779320808,,779,,1603972706,734776064,"""map_zed""",,,5.084716885172701,-2.2588340681820243,2.9663139760655346,,0.009457889134248878,-0.040622462107997886,-0.02763753792313941,0.9987474807993036
1603972706846057384,,780,,1603972706,801528064,"""map_zed""",,,5.040916216736349,-2.308375052223311,2.9715036519493996,,0.010456802047396425,-0.040947447381217306,-0.025702105156533317,0.9987759326467707
1603972706916901544,,781,,1603972706,868286064,"""map_zed""",,,5.060403934215031,-2.3065674173875736,2.9839354570151304,,0.011074811876770532,-0.03765903692407998,-0.02620249921650799,0.9988856663876271
1603972706979959592,,782,,1603972706,935029064,"""map_zed""",,,5.062873930425329,-2.3035656005146308,2.971121124416742,,0.01110839831134945,-0.0378972771930413,-0.025633603043323423,0.9988910442402252
1603972707046318536,,783,,1603972707,1779064,"""map_zed""",,,5.089295279305278,-2.2979443120949057,2.977651026599014,,0.01081270150376328,-0.03752426377260096,-0.02664658203108499,0.9988818622743009
1603972707119702120,,784,,1603972707,68655064,"""map_zed""",,,5.126086761181859,-2.299871413122512,2.980519462694484,,0.01127879461865957,-0.03874920150643532,-0.026307779223273726,0.9988389204105451
1603972707181059336,,785,,1603972707,135404064,"""map_zed""",,,5.134459840718517,-2.2821164977569044,2.982846621046308,,0.011035048198369124,-0.034324772019934294,-0.028141376972286317,0.9989535027413152
1603972707246003848,,786,,1603972707,202156064,"""map_zed""",,,5.167945589196274,-2.293708542593824,2.979554560670391,,0.010431834221433175,-0.03908957437895824,-0.02735219451173205,0.9988068078788014
1603972707314800872,,787,,1603972707,268903064,"""map_zed""",,,5.193737642673155,-2.2921144133858418,2.9806603037530257,,0.010591314194715607,-0.03882008798476604,-0.02816016791245872,0.9987931866886287
1603972707450237480,,788,,1603972707,402530064,"""map_zed""",,,5.24862302799724,-2.298028443451363,2.9986415241262545,,0.010942839161166987,-0.0366879666879725,-0.028016932500981015,0.9988740155117815
1603972707514651912,,789,,1603972707,469282064,"""map_zed""",,,5.269628825853494,-2.2848705744827233,2.9797073649892902,,0.011391847968030794,-0.041265724793753525,-0.026337499834626663,0.9987360521477036
1603972707581852712,,790,,1603972707,536027064,"""map_zed""",,,5.278582033056379,-2.2645049571990112,3.0107010127433966,,0.007449290342011427,-0.03390039918205213,-0.02295051729869762,0.9991338973152798
1603972707649258952,,791,,1603972707,602781064,"""map_zed""",,,5.343092344482142,-2.272804647085466,3.006521492599115,,0.00845639885201899,-0.037238650548225144,-0.017413748673396005,0.9991188786030132
1603972707716846760,,792,,1603972707,669533064,"""map_zed""",,,5.378497369822652,-2.2770737189033667,3.0048280134749947,,0.010151671354123898,-0.03964486015464309,-0.014440975306199763,0.9990578996555918
1603972707780907752,,793,,1603972707,736280064,"""map_zed""",,,5.383147890560037,-2.2902425605081977,3.0107650546431293,,0.006129096472407305,-0.03824854482763926,-0.010529227116025481,0.9991939843550597
1603972707847538728,,794,,1603972707,803154064,"""map_zed""",,,5.3856113998805,-2.3111802124978444,3.006667445927504,,0.007157526948787864,-0.039129201533174285,-0.007726192515905537,0.9991786533671347
1603972707915104328,,795,,1603972707,869909064,"""map_zed""",,,5.421441317990877,-2.3141032660000396,3.013828058495574,,0.007425247414002133,-0.03759864812964476,-0.005256116057711618,0.9992515101833231
1603972707983251176,,796,,1603972707,936654064,"""map_zed""",,,5.426145069728464,-2.309167348742049,3.014098250231358,,0.008822061317816234,-0.0376592361368145,-0.005315317890631787,0.9992375596240455
1603972708049554216,,797,,1603972708,3403064,"""map_zed""",,,5.443863888510732,-2.2936166566612775,3.0152635826621434,,0.007183503284394929,-0.0378632504256642,-0.002729575121155298,0.9992533817643173
1603972708181698504,,798,,1603972708,137027064,"""map_zed""",,,5.491186990538738,-2.2917321229166174,3.0210406233551232,,0.010069128386695844,-0.037008821917643576,0.0,0.9992642091828369
1603972708248559528,,799,,1603972708,203777064,"""map_zed""",,,5.527560232531192,-2.294121968152618,3.0117151904186974,,0.007757948788309141,-0.0368769478628382,0.0,0.9992897002105643
1603972708314933448,,800,,1603972708,270530064,"""map_zed""",,,5.550489901044751,-2.3244786465187652,3.0238672658882555,,0.00993655293619546,-0.036128068424265795,-0.007250606190572075,0.9992714627655225
1603972708385111496,,801,,1603972708,337277064,"""map_zed""",,,5.584754173824903,-2.3725707310415296,3.026535279882818,,0.009761046716134321,-0.03747320212759527,-0.009702094927892403,0.9992028575035802
1603972708449087336,,802,,1603972708,404030064,"""map_zed""",,,5.613787025705479,-2.367189974188317,3.03208765746841,,0.007238265103384021,-0.0364912672643245,-0.014339495403585152,0.9992048707864205
1603972708517466792,,803,,1603972708,470901064,"""map_zed""",,,5.599559585137516,-2.3322176188240786,3.0401232886194043,,0.006722738846346369,-0.035468726717125976,-0.01690310209620203,0.9992052138309703
1603972708583225576,,804,,1603972708,537654064,"""map_zed""",,,5.626452675948294,-2.3271000474729577,3.046435983155304,,0.006566883293270482,-0.03496520839996327,-0.019197666324155156,0.9991825458108574
1603972708651055208,,805,,1603972708,604404064,"""map_zed""",,,5.642703149268626,-2.313437021979253,3.0482393215322445,,0.0068511791817977554,-0.03569904163329864,-0.020833649559472835,0.9991219138905502
1603972708716468008,,806,,1603972708,671155064,"""map_zed""",,,5.673234147669079,-2.318698736430069,3.0485684415279604,,0.007403139607595052,-0.03711720614661532,-0.021712050184905508,0.9990475931649043
1603972708784035592,,807,,1603972708,737903064,"""map_zed""",,,5.707856215160087,-2.3105315202441683,3.0488693559488875,,0.007484214705106944,-0.036644076655756294,-0.02292193199309548,0.9990374283328922
1603972708848322728,,808,,1603972708,804780064,"""map_zed""",,,5.739309683592309,-2.307987479561451,3.045666474699055,,0.010164140971616345,-0.037993294182475414,-0.02371748035894265,0.9989447837397701
1603972708920400680,,809,,1603972708,871531064,"""map_zed""",,,5.758790426563724,-2.289259892091503,3.04997026897703,,0.008087100967428769,-0.03548490105699865,-0.026385267985702194,0.998989108162967
1603972708982857384,,810,,1603972708,938281064,"""map_zed""",,,5.778804581782244,-2.2836968427862456,3.053060804105079,,0.006388605765209012,-0.03526036547806843,-0.028780131538588848,0.998943239814631
1603972709048989096,,811,,1603972709,5030064,"""map_zed""",,,5.800491652119606,-2.286840593804487,3.0539130084455777,,0.009031553953852627,-0.03656612045539133,-0.029281104635610244,0.9988613351108045
1603972709183279784,,812,,1603972709,138652064,"""map_zed""",,,5.837221172469167,-2.2919930124292853,3.058055277950645,,0.0067603149576236496,-0.03651575700594395,-0.029860354603776704,0.9988639831603167
1603972709315997992,,813,,1603972709,272154064,"""map_zed""",,,5.872104843520986,-2.290759242766426,3.0646854391021634,,0.00731913089659261,-0.03697299937987405,-0.031285028741469455,0.9987996168483545
1603972709384623752,,814,,1603972709,338926064,"""map_zed""",,,5.861154583067229,-2.2843346613634785,3.0632895352194023,,0.008701310578319136,-0.03590133448853398,-0.03177347437880875,0.9988122084266198
1603972709450927432,,815,,1603972709,405653064,"""map_zed""",,,5.89872886115652,-2.2834790158293754,3.0608906839483794,,0.007693335481255642,-0.037139077064546284,-0.03218214242010063,0.9987621394772725
1603972709516746824,,816,,1603972709,472403064,"""map_zed""",,,5.905990864719405,-2.280418122418654,3.061418707043778,,0.00672384706178836,-0.03654104746771885,-0.03246955487398942,0.9987818929761074
1603972709650923464,,817,,1603972709,606027064,"""map_zed""",,,5.918097610873333,-2.27885332346063,3.0617072879316045,,0.008228661600560872,-0.03740215350646161,-0.03237510887593944,0.9987418186731812
1603972709719151944,,818,,1603972709,672780064,"""map_zed""",,,5.923836856831356,-2.2771648997158875,3.061359928464596,,0.008305268381901867,-0.037423860370643214,-0.032593000757665073,0.9987332844627108
1603972709784500136,,819,,1603972709,739528064,"""map_zed""",,,5.924739558096131,-2.2733110588804464,3.060645213711942,,0.008319609113127803,-0.03659280497729636,-0.032867983955292134,0.9987549481022925
1603972709851739304,,820,,1603972709,806280064,"""map_zed""",,,5.928030488894652,-2.2739734453105425,3.0604933177532936,,0.008313338143122686,-0.036988108775580196,-0.03280149721804885,0.9987426245026184
1603972709918843368,,821,,1603972709,873155064,"""map_zed""",,,5.928324342989405,-2.274602779729924,3.0604612865053653,,0.008684168616808659,-0.037371661716584584,-0.03283805045401129,0.9987239891773682
1603972709983921448,,822,,1603972709,939903064,"""map_zed""",,,5.928466649986227,-2.274901838922255,3.0605546716928935,,0.008426388421901115,-0.03715652465996497,-0.03307542085633337,0.9987263915550311
1603972710051401672,,823,,1603972710,6652064,"""map_zed""",,,5.930796302935087,-2.2755071324097838,3.0608475686564907,,0.008374948868793971,-0.0373682709774687,-0.0328539270039995,0.9987262347790887
1603972710117957640,,824,,1603972710,73403064,"""map_zed""",,,5.930817672723039,-2.274641044732435,3.0606355083346144,,0.008242232880693711,-0.03740135650940517,-0.03347532141847975,0.9987054655824841
1603972710184694824,,825,,1603972710,140154064,"""map_zed""",,,5.932006665225458,-2.275173680174226,3.0610510434182374,,0.00806311155050643,-0.03703441142544349,-0.033220176050280895,0.9987291216869985
1603972710250683976,,826,,1603972710,207028064,"""map_zed""",,,5.932726799815907,-2.2753213268752575,3.061118869916138,,0.008169595626619385,-0.03708627612628921,-0.033335251732202385,0.998722497404726
1603972710321347144,,827,,1603972710,273778064,"""map_zed""",,,5.931390131107992,-2.2742090630723295,3.060887518298315,,0.0081376132294888,-0.037069196352769535,-0.03396802268086042,0.9987020713745615
1603972710385405320,,828,,1603972710,340534064,"""map_zed""",,,5.931267404041785,-2.273020682348234,3.060875884526368,,0.007912943867693556,-0.036905228143466105,-0.03426633314667288,0.9986997586200302
1603972710451608712,,829,,1603972710,407279064,"""map_zed""",,,5.930935072943058,-2.273129283797973,3.060855760156533,,0.007989779016760035,-0.03712202190540789,-0.034378561701065735,0.9986872550585012
1603972710518274792,,830,,1603972710,474027064,"""map_zed""",,,5.932063890802563,-2.2733602785934766,3.0611368768398863,,0.007938325543850985,-0.03704929416553967,-0.03589261758468526,0.9986370976447424
1603972710585246376,,831,,1603972710,540905064,"""map_zed""",,,5.9316235043907914,-2.2719010865604305,3.0608967292464846,,0.008082493276829732,-0.03644999892600414,-0.040154639971730195,0.9984957064351679
1603972710652801224,,832,,1603972710,607653064,"""map_zed""",,,5.937062006530963,-2.2746376448885792,3.061661352264031,,0.008800923083466809,-0.03677924056976634,-0.04579361627269677,0.9982348300498531
1603972710720877064,,833,,1603972710,674403064,"""map_zed""",,,5.938924861878798,-2.2756873428786295,3.061192888633146,,0.009228224895068778,-0.03718078148118836,-0.05234055610044714,0.9978942306381123
1603972710786578024,,834,,1603972710,741156064,"""map_zed""",,,5.948596651720966,-2.281881697128894,3.0608505706193236,,0.009305409447782652,-0.03730940935860687,-0.058748299236798585,0.9975319817755742
1603972710851925864,,835,,1603972710,807906064,"""map_zed""",,,5.950502409596981,-2.2855532592072523,3.0621274243138488,,0.008732935057242285,-0.036493922192008484,-0.06681128286027174,0.9970597685048246
1603972710921244040,,836,,1603972710,874779064,"""map_zed""",,,5.953201555107714,-2.2903486252078467,3.0622935541114296,,0.008475759196646929,-0.03743819204773048,-0.07736706107315172,0.996263459704882
1603972710986355528,,837,,1603972710,941528064,"""map_zed""",,,5.9560419317977225,-2.29456001871359,3.062545697632664,,0.00823951983527205,-0.03719981411144355,-0.08727592285884836,0.9954552714371925
1603972711051898760,,838,,1603972711,8277064,"""map_zed""",,,5.957392682066261,-2.298710250792844,3.061367079519348,,0.009134905473609577,-0.03660644242696669,-0.09804853117177516,0.9944661921905071
1603972711119345992,,839,,1603972711,75028064,"""map_zed""",,,5.95784064298475,-2.3036196804929774,3.0615937915101243,,0.010495207151721513,-0.03707884581940801,-0.10809999579990756,0.993392873302201
1603972711188539848,,840,,1603972711,141778064,"""map_zed""",,,5.957890376180455,-2.3081187974787816,3.0616980205032296,,0.009044743311105644,-0.037350126304926935,-0.11894735914978188,0.9921565836271687
1603972711252939528,,841,,1603972711,208655064,"""map_zed""",,,5.957161734481588,-2.308078467822691,3.0615297922746536,,0.008944514676637826,-0.03734892802612021,-0.12836336272625276,0.9909832997291668
1603972711321417192,,842,,1603972711,275401064,"""map_zed""",,,5.918719856456902,-2.357945698852889,3.0577889341757953,,0.009774776685882298,-0.03678957192424181,-0.13845933206460245,0.9896362940507973
1603972711388172456,,843,,1603972711,342156064,"""map_zed""",,,5.917348995404691,-2.3662978178656697,3.0580109937705493,,0.010706060064219432,-0.0370567349112487,-0.15123683995462853,0.9877447022971861
1603972711453931432,,844,,1603972711,408906064,"""map_zed""",,,5.916469873561472,-2.369257557561398,3.057916803387623,,0.009769438722547255,-0.03698810918590348,-0.16098324883001056,0.9862154082359659
1603972711522747240,,845,,1603972711,475653064,"""map_zed""",,,5.9156893091159075,-2.374647573409607,3.058254819481474,,0.010068395991670327,-0.03660237002401173,-0.1706622819533364,0.9845980293649079
1603972711587966792,,846,,1603972711,542404064,"""map_zed""",,,5.876625656753859,-2.425163896690375,3.0518370499320033,,0.011266898559110526,-0.037091501700031,-0.18127182440231956,0.9826687148659765
1603972711653840264,,847,,1603972711,609278064,"""map_zed""",,,5.87305386536178,-2.4305082948230434,3.051923171047271,,0.01209050736581338,-0.03627768372732423,-0.19481851798341457,0.9800936150928458
1603972711722795880,,848,,1603972711,676029064,"""map_zed""",,,5.865743247194539,-2.4308832507816707,3.050938973955443,,0.011135194613933199,-0.036007639548793983,-0.2087056816432114,0.9772519612591608
1603972711787577896,,849,,1603972711,742777064,"""map_zed""",,,5.861717200200589,-2.435160890984397,3.0502775605775807,,0.011449908282411016,-0.03623412001248755,-0.22454828425076342,0.973721755013866
1603972711853341096,,850,,1603972711,809528064,"""map_zed""",,,5.857404479807366,-2.43579598527007,3.0495955066683123,,0.013005501881345465,-0.036633704676433,-0.2392090761481192,0.9701895930646017
1603972711921716712,,851,,1603972711,876279064,"""map_zed""",,,5.820266868402877,-2.463865467830266,3.0594164263846677,,0.012131111526572647,-0.035732838756399946,-0.2511461640016085,0.9672133191157037
1603972711987893384,,852,,1603972711,943155064,"""map_zed""",,,5.858870172833164,-2.5351619711226463,3.01778529555601,,0.011405574594982882,-0.03721383052759084,-0.26515503568979354,0.9634198725031399
1603972712056481640,,853,,1603972712,9903064,"""map_zed""",,,5.857988014557875,-2.5395086727721385,3.015675734529753,,0.012669463519333629,-0.038257505374461105,-0.27921500531831567,0.959382524742737
1603972712122347400,,854,,1603972712,76653064,"""map_zed""",,,5.8563352172924725,-2.543128287047551,3.0162873030362127,,0.012524556514109216,-0.03772091164308512,-0.29196721654613605,0.955602120535132
1603972712188444104,,855,,1603972712,143403064,"""map_zed""",,,5.848856570971922,-2.5471558422465006,3.0157777862983335,,0.012687093368657452,-0.03743918550740754,-0.30700715869054307,0.9508858762034257
1603972712254686568,,856,,1603972712,210154064,"""map_zed""",,,5.838795073903166,-2.54443433350994,3.016529508334946,,0.01298772999319429,-0.036872308417074603,-0.3211980139293947,0.9462048338438313
1603972712321367016,,857,,1603972712,277026064,"""map_zed""",,,5.836861022679152,-2.5475865198783656,3.0172469976903207,,0.013044399361034223,-0.037190799102603325,-0.33538994583154397,0.9412546267310103
1603972712387710280,,858,,1603972712,343777064,"""map_zed""",,,5.8248781126535905,-2.545552415949381,3.0153535756207877,,0.01407360118347572,-0.03679240544877217,-0.3502825844121716,0.9358153470148647
1603972712455551432,,859,,1603972712,410531064,"""map_zed""",,,5.818764377739578,-2.5417528701334406,3.0174425012343375,,0.013354848950822167,-0.03584650499338607,-0.3639476564746009,0.9306335365953162
1603972712523656360,,860,,1603972712,477279064,"""map_zed""",,,5.801266455003224,-2.543085897722926,3.020778592360482,,0.013585499182178204,-0.03576868564711242,-0.37511418997304313,0.9261886307982391
1603972712589035240,,861,,1603972712,544030064,"""map_zed""",,,5.79338549191726,-2.5442051437600646,3.0195540387609756,,0.01388170692130731,-0.03564452959974565,-0.38990319950253005,0.9200610092489813
1603972712655544360,,862,,1603972712,610905064,"""map_zed""",,,5.667449858044676,-2.6275393949561288,3.003774582327394,,0.014483219041601362,-0.03599749885252587,-0.4010665722766753,0.9152267593579165
1603972712722270088,,863,,1603972712,677653064,"""map_zed""",,,5.660189784109099,-2.6294065136779636,3.0049722138899773,,0.01437426493483918,-0.03530724220773001,-0.4152472169189727,0.9089095268486932
1603972712790950792,,864,,1603972712,744403064,"""map_zed""",,,5.589863831454178,-2.612290355049954,3.0203480972565617,,0.0146753694230956,-0.03347910553719105,-0.42947464996638446,0.902338798933625
1603972712857530920,,865,,1603972712,811152064,"""map_zed""",,,5.475360064904128,-2.611860629834561,3.179282357436824,,0.017999060467747543,-0.02824074963718316,-0.4415992502265245,0.8965871937974463
1603972712990254280,,866,,1603972712,944779064,"""map_zed""",,,5.335289365977676,-2.5980576839866276,3.2464904576336258,,0.018517708574977775,-0.023583276412704433,-0.46428442425381816,0.8851784548542032
1603972713055568392,,867,,1603972713,11529064,"""map_zed""",,,5.3305004215224,-2.600166000651935,3.248178306090729,,0.01993599216173604,-0.02431375972543885,-0.4776003491714486,0.8780144097768847
1603972713123922536,,868,,1603972713,78280064,"""map_zed""",,,5.311403174963825,-2.5973983765460655,3.2507965550282205,,0.01854183345594891,-0.023189183412275095,-0.4899097997596759,0.8712673816252953
1603972713190255848,,869,,1603972713,145028064,"""map_zed""",,,5.304701288050329,-2.5956520227550364,3.2505852144353704,,0.019172811175050635,-0.02278663879213015,-0.5038859062705636,0.8632567207187533
1603972713256146952,,870,,1603972713,211786064,"""map_zed""",,,5.301876396900015,-2.5956321594769785,3.2508782284021454,,0.019231014119778917,-0.023548815602793198,-0.5170995041685045,0.8553851320711141
1603972713391561256,,871,,1603972713,345403064,"""map_zed""",,,5.27800107105548,-2.587984812424904,3.247790961486054,,0.01976106836841258,-0.02250898400102101,-0.5442139402230318,0.838411613160924
1603972713458803624,,872,,1603972713,412150064,"""map_zed""",,,5.270587418256009,-2.5855650454780137,3.2476814968552405,,0.019028095195426826,-0.022280089167193314,-0.5579101941683846,0.8293839547898978
1603972713591819528,,873,,1603972713,545651064,"""map_zed""",,,5.190086262481039,-2.440114189384816,3.3895451651155053,,0.023263603574224266,-0.016210552392334078,-0.5863953264363246,0.8095285936108206
1603972713659124776,,874,,1603972713,612403064,"""map_zed""",,,5.0860783920305845,-2.4722581620385755,3.421241344289908,,0.022527181653424638,-0.014131186946114383,-0.5973360320702773,0.8015500610896267
1603972713725483080,,875,,1603972713,679281064,"""map_zed""",,,5.08491472122876,-2.4805238549373234,3.4226092407365165,,0.022600816753714358,-0.01363859244037635,-0.6099168709785239,0.7920256323971321
1603972713792606792,,876,,1603972713,746028064,"""map_zed""",,,5.084966374332209,-2.4880775636551635,3.422496202921356,,0.024056215225547108,-0.014213199955491902,-0.6243150334483317,0.780672801157089
1603972713857738984,,877,,1603972713,812787064,"""map_zed""",,,5.015861638362125,-2.5641930787136213,3.3902517898730014,,0.021380781589644828,-0.013869894319626288,-0.6356677849160114,0.7715419336822528
1603972713924409032,,878,,1603972713,879528064,"""map_zed""",,,5.009646232483423,-2.569690630228628,3.3859407804353046,,0.021435769990323848,-0.013630396210133434,-0.6476759530721318,0.7614923373719412
1603972713992594824,,879,,1603972713,946279064,"""map_zed""",,,5.004579350711709,-2.568977957169569,3.3854452370433776,,0.02272049498470035,-0.014509945014202663,-0.6618671343185777,0.7491362607111265
1603972714057503496,,880,,1603972714,13152064,"""map_zed""",,,5.0004495656022225,-2.5725080426061213,3.382980653607394,,0.019381905427646746,-0.013180768425419207,-0.6746744075175536,0.7377432161169272
1603972714125263624,,881,,1603972714,79903064,"""map_zed""",,,4.997739933141332,-2.5783113790273284,3.3830530674367547,,0.021518332798130473,-0.013845163342424423,-0.6871759268132421,0.7260403008194327
1603972714192053576,,882,,1603972714,146654064,"""map_zed""",,,4.989490897489847,-2.577801857744476,3.3823278614112344,,0.020722851351929455,-0.013068366918587019,-0.700213379287556,0.7135131426152066
1603972714257447400,,883,,1603972714,213403064,"""map_zed""",,,4.977950835334631,-2.577427340819501,3.3798544513495856,,0.020414959995504616,-0.011085570983291142,-0.7117437844481576,0.7020549300615806
1603972714325885000,,884,,1603972714,280156064,"""map_zed""",,,4.973136589523915,-2.575560857920757,3.3795607652032142,,0.02148610913493999,-0.013122984215682715,-0.7235803608270244,0.6897808317320434
1603972714392422120,,885,,1603972714,347027064,"""map_zed""",,,4.964208924748598,-2.571423864842339,3.3793391857048563,,0.020022880131169714,-0.013329161228002004,-0.7349944653904783,0.6776463337003865
1603972714457872232,,886,,1603972714,413780064,"""map_zed""",,,4.958204638113274,-2.5692874726581545,3.3793293001682483,,0.01899046820257081,-0.01142385134456044,-0.746500967704575,0.6650151599430176
1603972714524665192,,887,,1603972714,480528064,"""map_zed""",,,4.9447357965883905,-2.565478395036326,3.3794399846003293,,0.020177081047518346,-0.012052859072280772,-0.756534033233254,0.6535318435611316
1603972714592570664,,888,,1603972714,547281064,"""map_zed""",,,4.933412131143695,-2.5668365420603365,3.3774688716211196,,0.020357214114929755,-0.012529314619047213,-0.7684871630077029,0.6394185486839024
1603972714659841096,,889,,1603972714,614029064,"""map_zed""",,,4.930592460060503,-2.5516170092611636,3.3867973897280037,,0.02039816430908442,-0.009354122979071802,-0.7793471867105566,0.6261903686918642
1603972714793234280,,890,,1603972714,747653064,"""map_zed""",,,4.926392148935936,-2.5537300605849746,3.3832603972644635,,0.018881479350429258,-0.010424690360962708,-0.802468600958422,0.5963044189373832
1603972714858799752,,891,,1603972714,814404064,"""map_zed""",,,4.923161969038991,-2.5545037902909495,3.382632334645736,,0.019076585372338035,-0.009846164639860365,-0.8105218837727922,0.5853147980854583
1603972714925791400,,892,,1603972714,881281064,"""map_zed""",,,4.955866251571839,-2.542807990675462,3.393029854680223,,0.01965862740492249,-0.0087686937297016,-0.81554176150629,0.5782977465095701
1603972714992478312,,893,,1603972714,947904064,"""map_zed""",,,4.9806990091822145,-2.5557936768231806,3.3991171522519634,,0.020024740899996958,-0.009314212869715361,-0.819410734434783,0.5727812003580038
1603972715059576488,,894,,1603972715,14779064,"""map_zed""",,,4.979722037835436,-2.558871797652065,3.399339225378453,,0.019999796235065898,-0.00962344636245314,-0.8230094790504034,0.5675938643289308
1603972715127298984,,895,,1603972715,81530064,"""map_zed""",,,4.973067328514106,-2.5593319306020854,3.3980341219464694,,0.01957773352204338,-0.009378782161975643,-0.8271686756037004,0.5615342668932309
1603972715193461544,,896,,1603972715,148278064,"""map_zed""",,,4.972852649008201,-2.570326853772657,3.3973968356693978,,0.019276676182844635,-0.00794958022536175,-0.831988371960546,0.5544010848221913
1603972715264584328,,897,,1603972715,215039064,"""map_zed""",,,4.968204797444706,-2.5720989648636636,3.396875338511691,,0.019525146700147884,-0.008526591840996666,-0.8359114779566419,0.5484506057050692
1603972715394800840,,898,,1603972715,348528064,"""map_zed""",,,4.954827757933364,-2.5773032598693844,3.3969878655332666,,0.01827918872673285,-0.007985114825343725,-0.8393464447006994,0.5432307566486037
1603972715462860744,,899,,1603972715,415405064,"""map_zed""",,,4.952311849706467,-2.5876660391542003,3.398502280998992,,0.01791400093038042,-0.006969776482579041,-0.8425206556962032,0.5383209595693716
1603972715529866440,,900,,1603972715,482153064,"""map_zed""",,,4.948790571689193,-2.597563259085398,3.399248732183836,,0.01843827594139297,-0.00698579290456164,-0.8452722447617387,0.533971966411398
1603972715593304424,,901,,1603972715,548903064,"""map_zed""",,,4.943935760774832,-2.606262620184801,3.3986608208335114,,0.01855348242967788,-0.007243410242356795,-0.8469360498658113,0.5313215869278117
1603972715663311624,,902,,1603972715,615653064,"""map_zed""",,,4.918924847833449,-2.60993391571559,3.3937742783611338,,0.018725760168483537,-0.0063064409971995555,-0.8470266410438657,0.5311830607897877
1603972715794456104,,903,,1603972715,749277064,"""map_zed""",,,4.904099668033752,-2.6192684418767547,3.395465602373636,,0.01856030930311466,-0.007285460963215993,-0.8483582294447869,0.5290470220220813
1603972715861807080,,904,,1603972715,816045064,"""map_zed""",,,4.886075129831015,-2.6212989546231493,3.394702302684256,,0.01959979279062059,-0.0074412843393524865,-0.849137097582895,0.5277562552148887
1603972715931458216,,905,,1603972715,882778064,"""map_zed""",,,4.862156804204005,-2.6164479026333813,3.3988724007774196,,0.020278740918744886,-0.0068239379565591535,-0.8494437439333606,0.5272452298788397
1603972715994208616,,906,,1603972715,949529064,"""map_zed""",,,4.8540993233228455,-2.621075906068161,3.3988100623497974,,0.019064475188601323,-0.006771327581994704,-0.8494645507606192,0.5272576902327926
1603972716061024680,,907,,1603972716,16278064,"""map_zed""",,,4.846923194426862,-2.6309166985774564,3.39878776459923,,0.01927474308265091,-0.007046323199706881,-0.850186577946247,0.5260813780096321
1603972716127636552,,908,,1603972716,83153064,"""map_zed""",,,4.830234158556395,-2.634175132739972,3.3979954991243915,,0.019611574632574926,-0.00699432005227967,-0.8500913944315382,0.5262234190349951
1603972716195015656,,909,,1603972716,149902064,"""map_zed""",,,4.829086805533586,-2.633048093702661,3.4042715435374546,,0.018981051769801912,-0.00580957238711331,-0.8511347654380151,0.5245718059571692
1603972716263733608,,910,,1603972716,216652064,"""map_zed""",,,4.828715873448502,-2.6451419621597076,3.4073790986441077,,0.01978066459741579,-0.007277274807451594,-0.8514883872921434,0.5239497045385999
1603972716328579240,,911,,1603972716,283403064,"""map_zed""",,,4.815183112572742,-2.6366178918190033,3.4134102646245115,,0.019864106534359,-0.006696087768342838,-0.8516060702899333,0.523763000531278
1603972716394674184,,912,,1603972716,350152064,"""map_zed""",,,4.81250665003988,-2.650914894643014,3.4146451063162737,,0.018921686602667163,-0.005650946018644658,-0.8525008083145835,0.5223527624203652
1603972716460955688,,913,,1603972716,417031064,"""map_zed""",,,4.808281472020411,-2.656207448838642,3.4148028167137277,,0.019543834529683436,-0.0074222364495548,-0.8530382731824754,0.521429432832309
1603972716527901992,,914,,1603972716,483785064,"""map_zed""",,,4.800693165520183,-2.6595621572284145,3.4195142285775892,,0.01966052237428947,-0.006420016640001451,-0.8540008535315258,0.5198603556857717
1603972716595640104,,915,,1603972716,550528064,"""map_zed""",,,4.797252117323046,-2.673312537942476,3.421030646795713,,0.019224814759832662,-0.00623754215587418,-0.8545535068644018,0.5189699446702635
1603972716663345032,,916,,1603972716,617283064,"""map_zed""",,,4.795202350964007,-2.6681730950494265,3.434265835284882,,0.021098044125822713,-0.007728120908239519,-0.8549084211689562,0.5182921377907397
1603972716729610344,,917,,1603972716,684024064,"""map_zed""",,,4.791731672418845,-2.6656753618458784,3.4483568760532086,,0.021251105204128398,-0.00464829905095427,-0.8551140601435115,0.5179833279058454
1603972716796914760,,918,,1603972716,750914064,"""map_zed""",,,4.782344278078178,-2.6813572056876147,3.4477869787301954,,0.020563322690437646,-0.006465118265122398,-0.8558642714267255,0.5167511014995004
1603972716865887400,,919,,1603972716,817654064,"""map_zed""",,,4.785053231681682,-2.7018799205807618,3.4518233909882277,,0.022828128789120602,-0.005750276299524386,-0.8566103206815491,0.5154265896908308
1603972716928846568,,920,,1603972716,884402064,"""map_zed""",,,4.779920640761891,-2.7073110820200457,3.4515733789312737,,0.020859027724834972,-0.005750276270561435,-0.8567765537247924,0.5152337064601404
1603972716996589480,,921,,1603972716,951159064,"""map_zed""",,,4.763421269456475,-2.705713582570783,3.4535620942498593,,0.021269329648477765,-0.006971914569075747,-0.8567866391596677,0.5151850764346998
1603972717063884520,,922,,1603972717,17904064,"""map_zed""",,,4.744788602931506,-2.7209912932693023,3.4508473924309215,,0.021120280274699744,-0.0059439596484731705,-0.8571933012246846,0.5145272076774391
1603972717130857576,,923,,1603972717,84779064,"""map_zed""",,,4.736375800174942,-2.7477602150602225,3.4479969128985406,,0.020598801329783832,-0.006072921353358626,-0.8576161463922525,0.5138417601337152
1603972717197215016,,924,,1603972717,151526064,"""map_zed""",,,4.7267525604111125,-2.762544670074287,3.4483421801318674,,0.02284541836781932,-0.005186192519716258,-0.8580647423053881,0.5130069086076087
1603972717330054760,,925,,1603972717,285030064,"""map_zed""",,,4.716856646688719,-2.7759009383131974,3.4488236559880003,,0.02010865320158925,-0.006127880876791029,-0.8585380302602411,0.5123187891725647
1603972717397068840,,926,,1603972717,351782064,"""map_zed""",,,4.708164550007767,-2.778938309687352,3.4580955761929077,,0.021622991410748433,-0.00519767315792,-0.8588718263823978,0.5117075495659197
1603972717464175880,,927,,1603972717,418535064,"""map_zed""",,,4.720810924386089,-2.772630595061943,3.4762703972244684,,0.020642519278941087,-0.00477168482721893,-0.8588398216168232,0.5118058989762742
1603972717529601032,,928,,1603972717,485405064,"""map_zed""",,,4.725530489732165,-2.780965618564637,3.4849243554706453,,0.021924452848622118,-0.005853013599135601,-0.8591138121503177,0.5112812517310267
1603972717599236104,,929,,1603972717,552156064,"""map_zed""",,,4.720016148000713,-2.7919520390339096,3.4869648071169217,,0.020447779048093005,-0.006132742270443432,-0.8595936726789488,0.5105320711714018
1603972717665915272,,930,,1603972717,618906064,"""map_zed""",,,4.723005797840225,-2.8238117239427996,3.4883092337431023,,0.022821272054436584,-0.005745091075937955,-0.8600189784700266,0.5097190796328098
1603972717731320488,,931,,1603972717,685668064,"""map_zed""",,,4.685190832624732,-2.8088643331382057,3.487033842818913,,0.021601961475565555,-0.0067525960960802415,-0.8597754060908421,0.5101705683275928
1603972717796763144,,932,,1603972717,752410064,"""map_zed""",,,4.68533593869841,-2.823464471036894,3.488716301895107,,0.021807580888793067,-0.006036003503560993,-0.8604500176348125,0.509032182901764
1603972717864008936,,933,,1603972717,819280064,"""map_zed""",,,4.665760660365873,-2.8229519081235215,3.494149213076282,,0.023204599717199816,-0.007441284369345546,-0.8600033254334714,0.5097062429304456
1603972717931081928,,934,,1603972717,886029064,"""map_zed""",,,4.665986243372234,-2.8265544607064834,3.495245845447284,,0.02194788974786796,-0.005888548506544009,-0.8606365154602569,0.5087124958053696
1603972717997941960,,935,,1603972717,952779064,"""map_zed""",,,4.6774921235802625,-2.8293304453587127,3.503759939415841,,0.023237327767182,-0.005891078317419795,-0.8610685113806326,0.5079235577360434
1603972718065380744,,936,,1603972718,19529064,"""map_zed""",,,4.620764285925681,-2.7946253998670385,3.4916883861802,,0.022766031959325105,-0.005986425726802175,-0.8603545667092761,0.5091521285807789
1603972718131078472,,937,,1603972718,86279064,"""map_zed""",,,4.621175984359025,-2.831348827363987,3.511375653920046,,0.02455859359444287,-0.003795974810685724,-0.8609571809842412,0.5080700724974535
1603972718200248712,,938,,1603972718,153153064,"""map_zed""",,,4.570490778227224,-2.872189450631486,3.5048382754362146,,0.025246726656464418,-0.005613907308700365,-0.861296068190439,0.5074447455216715
1603972718266751016,,939,,1603972718,219905064,"""map_zed""",,,4.564824557852153,-2.883870836191661,3.503758410363815,,0.022713936850345777,-0.0035252757347216373,-0.8623137468371533,0.5058524009228601
1603972718331338920,,940,,1603972718,286655064,"""map_zed""",,,4.57893920008517,-2.9579637836665835,3.517230924383885,,0.02404568195968708,-0.005183318309998265,-0.8632317844794414,0.5042081164111007
1603972718400729480,,941,,1603972718,353408064,"""map_zed""",,,4.540412482683882,-2.971494720268157,3.532821278656044,,0.023350553406042012,-0.004026470208988267,-0.8632959060494744,0.5041415652289594
1603972718466151208,,942,,1603972718,420159064,"""map_zed""",,,4.556705856692386,-2.978682550569623,3.558703679337904,,0.024796203130300416,-0.0029373069244496637,-0.8634696725217484,0.5037823390845863
1603972718531889864,,943,,1603972718,487033064,"""map_zed""",,,4.517793149525606,-3.0062392138781338,3.5785624914230625,,0.027073754243661808,-0.0032434887547434835,-0.8635082323326988,0.503597085282976
1603972718599957864,,944,,1603972718,553779064,"""map_zed""",,,4.511476733196783,-3.0739336978001863,3.5843178619353755,,0.025631276310021905,-0.001170857317299825,-0.8646866483318076,0.5016559248773674
1603972718667456328,,945,,1603972718,620534064,"""map_zed""",,,4.485914291758343,-3.1073982926181563,3.575359765063446,,0.02527474674260374,-0.0034223257941415662,-0.8647836659796174,0.501496446565785
1603972718733973352,,946,,1603972718,687279064,"""map_zed""",,,4.441908657101612,-3.1873072802070768,3.5603040833382926,,0.025288302773759087,-0.00034526698149387353,-0.8655691257197327,0.5001504484995611
1603972718798770024,,947,,1603972718,754028064,"""map_zed""",,,4.431839603466237,-3.203257815498908,3.5674953313375144,,-0.025011608318947737,0.0022040368006544173,0.8657878617184513,-0.49978089216382887
1603972718867177032,,948,,1603972718,820903064,"""map_zed""",,,4.421755540050835,-3.1971624594732786,3.59051200412038,,-0.02764266012805662,0.0018269812178162632,0.8656387418377977,-0.4999021045266254
1603972718932600520,,949,,1603972718,887653064,"""map_zed""",,,4.416393838767991,-3.2090654799323817,3.602969473553819,,-0.02707292730867777,0.001112113487305501,0.8659448727751451,-0.4994049430321735
1603972719000471752,,950,,1603972718,954410064,"""map_zed""",,,4.370767051802509,-3.259740354482405,3.588896504061611,,-0.026419694194645738,0.0031597116737012688,0.8660042479488809,-0.49932820720974075
1603972719066569960,,951,,1603972719,21164064,"""map_zed""",,,4.354872525902414,-3.2828643961186508,3.6031502531386193,,-0.0264675913447854,0.00042286395623672456,0.8661252201521334,-0.49912562628149887
1603972719135129448,,952,,1603972719,87906064,"""map_zed""",,,4.310890690403973,-3.3310417455128314,3.598804737313655,,-0.026530010432803352,0.0023225461895259813,0.8660929736100736,-0.4991730415285799
1603972719200485864,,953,,1603972719,154781064,"""map_zed""",,,4.310679722643309,-3.3444268933620767,3.6047286305765986,,-0.02849602364456763,0.0,0.8666401171929635,-0.4981193470527065
1603972719266538728,,954,,1603972719,221528064,"""map_zed""",,,4.32553025773587,-3.3634205287715684,3.6147717912717354,,-0.02775402159016069,0.0016377450536615575,0.8670640519593685,-0.49742030706085316
1603972719332961832,,955,,1603972719,288280064,"""map_zed""",,,4.338426905306408,-3.38664292767435,3.6230392341566104,,-0.028226237394993917,0.002103721835766156,0.8679205048563999,-0.49589600837955033
1603972719399929704,,956,,1603972719,355028064,"""map_zed""",,,4.342300789965012,-3.3949877197062763,3.641661147061713,,-0.029951039378594828,0.0010849846177103943,0.868073752098572,-0.49552973570314446
1603972719467544040,,957,,1603972719,421779064,"""map_zed""",,,4.336332118718682,-3.3987798597682315,3.6627018357227588,,-0.030231076217539003,0.0013593174064599858,0.8680922100018247,-0.49547971625593895
1603972719536118760,,958,,1603972719,488546064,"""map_zed""",,,4.315958468255693,-3.4137292817881,3.6910291389693404,,-0.03363429100942243,0.0,0.8679379190687652,-0.4955325449563077
1603972719601023528,,959,,1603972719,555402064,"""map_zed""",,,4.29420206768706,-3.42443140409729,3.6834472557608415,,-0.030492171862626677,0.0,0.8679647705103861,-0.49568879814653155
1603972719668976488,,960,,1603972719,622153064,"""map_zed""",,,4.287974300435989,-3.4576859094539327,3.6655359815140423,,-0.029659813974801018,0.0,0.8682997040015749,-0.49515242043814917
1603972719732844616,,961,,1603972719,688906064,"""map_zed""",,,4.259220231700568,-3.475112250964313,3.708012188692133,,-0.032207814579726796,0.0,0.8681432747605288,-0.49526751475143516
1603972719800494248,,962,,1603972719,755654064,"""map_zed""",,,4.249121735457751,-3.502123022319488,3.705886284311581,,-0.030703283279569112,0.0,0.8683552331902686,-0.4949914114274395
1603972719867427208,,963,,1603972719,822403064,"""map_zed""",,,4.257055462348411,-3.563092479546292,3.7102253607298956,,-0.031755396676240895,0.0,0.868870443809326,-0.4940199860901576
1603972719935820168,,964,,1603972719,889281064,"""map_zed""",,,4.210620658778259,-3.6327899363606906,3.6843891304993086,,-0.029145923884197605,0.0,0.8696643169129347,-0.4927823972193968
1603972720000917928,,965,,1603972719,956029064,"""map_zed""",,,4.226848851925344,-3.674645474094559,3.6946698284690656,,-0.03221014586559894,0.0011451210849756164,0.87025185384396,-0.49155152942714814
1603972720068289032,,966,,1603972720,22779064,"""map_zed""",,,4.2283480780781835,-3.687032497919046,3.698731020878064,,-0.030814956874331403,0.0007324218750160696,0.8702270984840585,-0.4916855692971341
1603972720134242408,,967,,1603972720,89528064,"""map_zed""",,,4.216443476703818,-3.7190984329155605,3.694842720657486,,-0.02984837619668319,0.0010066175569377175,0.8704214069145503,-0.49140068736664416
1603972720201541928,,968,,1603972720,156279064,"""map_zed""",,,4.194669097637199,-3.7596095447547357,3.693017749549516,,-0.03052636646136219,0.0019531250240921423,0.8707711207989463,-0.4907361627553588
1603972720270827176,,969,,1603972720,223153064,"""map_zed""",,,4.16267700612154,-3.80623340751836,3.684885397497263,,-0.02916790821777793,0.0025313037082441646,0.8705887508740875,-0.49113954481718525
1603972720334471720,,970,,1603972720,289905064,"""map_zed""",,,4.149231960139521,-3.8329483239679645,3.6853448774076245,,-0.03191759451976502,0.0033071818913365625,0.8707404772681272,-0.4906947635291044
1603972720401569320,,971,,1603972720,356658064,"""map_zed""",,,4.145973712177561,-3.8621494976929394,3.689956614335436,,-0.030065499952597424,0.003044424882915799,0.8709870781522442,-0.4903756793332527
1603972720468274312,,972,,1603972720,423406064,"""map_zed""",,,4.146073741731453,-3.8785561603856955,3.6918284523177687,,-0.028727531601627446,0.0020680022547263106,0.8713121465297644,-0.4898832469113903
1603972720533867816,,973,,1603972720,490152064,"""map_zed""",,,4.141796389031446,-3.888783514635689,3.695594283548864,,-0.03048044592151573,0.004048614247592968,0.8715505493482604,-0.48934056757011807
1603972720601710440,,974,,1603972720,557031064,"""map_zed""",,,4.125322770222208,-3.8837720144509955,3.7021824044193465,,-0.03058707874106378,0.003340803756590702,0.871252410090404,-0.48986988839487816
1603972720672012648,,975,,1603972720,623785064,"""map_zed""",,,4.123417250195229,-3.8867278170903083,3.708747527011307,,-0.03180136473912537,0.003885212516725646,0.8713633856088424,-0.4895910829914337
1603972720734381000,,976,,1603972720,690529064,"""map_zed""",,,4.115265058525635,-3.872167947015794,3.7269717437969914,,-0.032005011146004125,0.0029220480125522453,0.8713474031548765,-0.48961295317036885
1603972720801935304,,977,,1603972720,757276064,"""map_zed""",,,4.1027562997550655,-3.899141186460461,3.7221128708975675,,-0.03178566578270322,0.0015916020494306956,0.8716073910227808,-0.48917041424040336
1603972720869373160,,978,,1603972720,824028064,"""map_zed""",,,4.0951533054008875,-3.9081619851635585,3.723341344097448,,-0.03190988975210364,0.0035337192605191304,0.871714572289563,-0.48896111933590447
1603972720956174728,,979,,1603972720,890903064,"""map_zed""",,,4.080672758651967,-3.92007404754583,3.721609686866796,,-0.03189330906771361,0.0022107874878909838,0.8718065581730712,-0.4888059475720586
1603972721072094056,,980,,1603972721,24405064,"""map_zed""",,,4.0688751677835615,-3.957389576550054,3.724732924716477,,-0.032319599338724816,0.002612418844249497,0.8722548873114594,-0.4879754402914554
1603972721137249864,,981,,1603972721,91153064,"""map_zed""",,,4.044872212993343,-3.979900467899655,3.7152529622628334,,-0.0324764409217376,0.003784179786505128,0.8721379865894814,-0.4881662556097522
1603972721202901256,,982,,1603972721,157906064,"""map_zed""",,,4.029884991137303,-4.000448618679876,3.7128679603891532,,-0.03204014427346808,0.003176174728433652,0.8721755477698574,-0.4881323129453521
1603972721270563976,,983,,1603972721,224651064,"""map_zed""",,,4.0140711989689555,-4.02813491162678,3.705862892182332,,-0.032224017331359614,0.0013316298971962407,0.873092331793937,-0.48648701897529717
1603972721336379112,,984,,1603972721,291528064,"""map_zed""",,,4.002111671191199,-4.038834668016225,3.704250786290322,,-0.033818322605470255,0.004619357099672668,0.873350546210797,-0.4858948507953552
1603972721402591368,,985,,1603972721,358282064,"""map_zed""",,,3.990179793615487,-4.0612952184038615,3.6974711775290303,,-0.030430294347012013,0.0021768254066056544,0.8746976191323618,-0.4837079012185779
1603972721470952360,,986,,1603972721,425028064,"""map_zed""",,,3.9929778890945102,-4.068196719378778,3.7017373981483646,,-0.031982888821843414,0.0036478402627984105,0.8759281391318356,-0.4813664749035461
1603972721536605992,,987,,1603972721,491777064,"""map_zed""",,,3.990489422724376,-4.068071357710069,3.7109850033489646,,-0.03346374646687096,0.0036314635242919702,0.8761062067282266,-0.4809416853188653
1603972721602978024,,988,,1603972721,558528064,"""map_zed""",,,3.999129361981685,-4.062236578303802,3.724273769731187,,-0.033738698987985864,0.0008717564096940746,0.8765863226316076,-0.4800597454552457
1603972721672319720,,989,,1603972721,625404064,"""map_zed""",,,3.989634707538762,-4.067828305753971,3.7225148494828093,,-0.032849617920394855,0.0033296342634196864,0.8767612741423704,-0.4797910840172034
1603972721804896488,,990,,1603972721,758898064,"""map_zed""",,,3.9656345215448767,-4.104335526291834,3.7192393363554768,,-0.031799491716365105,0.0021143199557543684,0.8790490688511166,-0.4756648573625032
1603972721871268776,,991,,1603972721,825654064,"""map_zed""",,,3.959330732792853,-4.112836175978305,3.7206964375607328,,-0.03209334971589694,0.0041161412208607535,0.8792301381242419,-0.47529721070030456
1603972721937328104,,992,,1603972721,892403064,"""map_zed""",,,3.9432762847043374,-4.133470506366447,3.7177385243457346,,-0.03093826200513433,0.0025952504851519593,0.87986939819135,-0.4742003065640222
1603972722003703848,,993,,1603972721,959280064,"""map_zed""",,,3.933718165644923,-4.146903097823492,3.717817397391846,,-0.030818826184451087,0.003450511323053604,0.8805006912990445,-0.47302941403904963
1603972722070586376,,994,,1603972722,26030064,"""map_zed""",,,3.931295021581781,-4.145124450219067,3.7263299487521966,,-0.03164777073843783,0.003670238324534423,0.8812924980478285,-0.47149600299742367
1603972722136810440,,995,,1603972722,92779064,"""map_zed""",,,3.914727457499987,-4.132112562578738,3.731849622100292,,-0.02942578243288242,0.004041246514910812,0.882324556888972,-0.46970327651134974
1603972722204201160,,996,,1603972722,159529064,"""map_zed""",,,3.9109290444665494,-4.124648450135842,3.744173525981865,,-0.03062408211165946,0.0011451210518896252,0.8846504630393245,-0.4652466147506112
1603972722271524712,,997,,1603972722,226279064,"""map_zed""",,,3.8992383466189575,-4.131472563125462,3.7425647611986763,,-0.030249554027940138,0.003365246275470571,0.8872508220106478,-0.46028210745155645
1603972722337295528,,998,,1603972722,293153064,"""map_zed""",,,3.8911195055744083,-4.151919789477368,3.7405704313636314,,-0.02920490703757965,0.0,0.8898282947089942,-0.45535994481312203
1603972722405018504,,999,,1603972722,359902064,"""map_zed""",,,3.870792490616146,-4.1430867970830425,3.800414958962721,,-0.03252159960304849,0.0,0.8897224668901409,-0.45534193467127665
1603972722472023816,,1000,,1603972722,426652064,"""map_zed""",,,3.864119799029641,-4.152608944437316,3.803546150430288,,-0.032234408400371936,0.0,0.8902164875963351,-0.454395805577827
1603972722537869128,,1001,,1603972722,493406064,"""map_zed""",,,3.841643496631685,-4.184224483515062,3.793575663603533,,-0.030718571779729604,0.0,0.8907997529169182,-0.4533565589588082
1603972722604274056,,1002,,1603972722,560155064,"""map_zed""",,,3.8291280940595147,-4.198674345107611,3.7914027023047425,,-0.03140696054971544,0.001490057988679419,0.8909417750930377,-0.45302774302495635
1603972722671947912,,1003,,1603972722,627028064,"""map_zed""",,,3.8155519778346343,-4.21669917299824,3.7906532606590986,,-0.03171431400346591,0.0,0.8915844900216715,-0.45174251453686065
1603972722739448104,,1004,,1603972722,693780064,"""map_zed""",,,3.8061789071370056,-4.2028623417305475,3.8014548419635297,,-0.030645726670812407,0.0004567453060358341,0.8915927532955892,-0.45179972674995483
1603972722807506376,,1005,,1603972722,760528064,"""map_zed""",,,3.801984787658372,-4.1843766864829295,3.818781653821903,,-0.0310032159934247,-0.0005033087753485124,0.8925564206148998,-0.4498684066451653
1603972722873512200,,1006,,1603972722,827276064,"""map_zed""",,,3.7886401262702636,-4.193579472940856,3.819782135874279,,-0.02984013468587398,0.0,0.8941691773913771,-0.44673375579326546
1603972722941203688,,1007,,1603972722,894027064,"""map_zed""",,,3.8132253926808217,-4.272079039764963,3.8359040484123668,,-0.03163929775399197,-0.0005179004706065773,0.8958931902954594,-0.4431411492955268
1603972723074287336,,1008,,1603972723,27652064,"""map_zed""",,,3.7645608911918433,-4.333338944299268,3.8178660995358804,,-0.030532949291093393,0.0,0.8979200451404491,-0.43909831648796077
1603972723140886632,,1009,,1603972723,94405064,"""map_zed""",,,3.704318201336702,-4.433945307632623,3.8070192784202175,,-0.029722302714905793,0.004334785446095187,0.9006959067424093,-0.4334105189470242
1603972723207161928,,1010,,1603972723,161154064,"""map_zed""",,,3.6634341035639046,-4.522555888791962,3.758287010976681,,-0.02436182150895738,0.001013992147143095,0.9044844737415452,-0.4258090067544032
1603972723274277256,,1011,,1603972723,227905064,"""map_zed""",,,3.655743800611897,-4.545138710096737,3.7611599514148164,,-0.02505981870149255,0.002085938307944548,0.9088511874435166,-0.4163618299394573
1603972723340765160,,1012,,1603972723,294652064,"""map_zed""",,,3.6617919576112543,-4.557436014966604,3.7662111878310305,,-0.023987049793265765,0.0004882812613255305,0.9126577589007445,-0.4080198501812084
1603972723407397896,,1013,,1603972723,361527064,"""map_zed""",,,3.6825778509558176,-4.590666703541121,3.7919878970997067,,-0.0283176822414577,0.00351681161937413,0.913772099601038,-0.4052237541152005
1603972723475628296,,1014,,1603972723,428279064,"""map_zed""",,,3.670707216797952,-4.6113008903668815,3.787626820861543,,-0.0256487128540605,0.0019067992497419444,0.9147613552649502,-0.40317511153267255
1603972723541739336,,1015,,1603972723,495031064,"""map_zed""",,,3.6456192626132937,-4.632382488897104,3.783663276684774,,-0.024338261552387074,0.0037366278940359978,0.9161854159237603,-0.39999746284844795
1603972723608044200,,1016,,1603972723,561779064,"""map_zed""",,,3.625365929463236,-4.651346607550334,3.777619516306505,,-0.02231651007511521,0.0008188725412479853,0.9177435129853366,-0.39654526500660914
1603972723675126920,,1017,,1603972723,628527064,"""map_zed""",,,3.6021254538039544,-4.673670668897556,3.7689811431267355,,-0.0217607242224453,0.003692500714377646,0.9179409631634429,-0.39610254286782826
1603972723741481288,,1018,,1603972723,695400064,"""map_zed""",,,3.583574725226817,-4.677701448775164,3.7657689726939165,,-0.02312257957446417,0.005050820454704642,0.9179073260002667,-0.39608834418800687
1603972723807274120,,1019,,1603972723,762151064,"""map_zed""",,,3.601290662132763,-4.697809507259481,3.7747871252279332,,-0.021306079785665934,0.0028023048096875694,0.9191503318998359,-0.3933203089345145
1603972723873899464,,1020,,1603972723,828905064,"""map_zed""",,,3.5987396855069305,-4.711834223781704,3.7769979202133,,-0.021762777745509124,0.003702575912969613,0.9192045595253294,-0.3931610995307819
1603972723940899272,,1021,,1603972723,895651064,"""map_zed""",,,3.6032647884885973,-4.701344835593627,3.7950517868016047,,-0.023664960851832714,0.0019683246678903698,0.9193646990999649,-0.39268899319272244
1603972724007725416,,1022,,1603972723,962421064,"""map_zed""",,,3.600916261285001,-4.699622711990503,3.8031274034710445,,-0.022304153281324877,0.0030444248402430535,0.9199853626692904,-0.3913057483580446
1603972724076679976,,1023,,1603972724,29279064,"""map_zed""",,,3.5938017299419296,-4.697191053732969,3.814720093780422,,-0.025732236117473616,0.0023161212569055767,0.920887892289821,-0.38897040689585755
1603972724142052168,,1024,,1603972724,96030064,"""map_zed""",,,3.571832693111055,-4.690547885924416,3.8262183299598087,,-0.025305973093537514,0.003396100560904243,0.9216754933340453,-0.3871206003485395
1603972724208086568,,1025,,1603972724,162780064,"""map_zed""",,,3.572835358909288,-4.686247872074057,3.847423178554706,,-0.026340602398007854,0.0,0.9235325265094796,-0.3826144863231496
1603972724274559816,,1026,,1603972724,229532064,"""map_zed""",,,3.55655279217396,-4.691361660234983,3.8561138639829964,,-0.027376155477158333,0.002441406176591643,0.9258994181705867,-0.3767689651212532
1603972724340485576,,1027,,1603972724,296281064,"""map_zed""",,,3.552331860222615,-4.718475996866201,3.860155640933387,,-0.02496479022860612,0.0,0.9269200067907257,-0.3744276435573669
1603972724409240552,,1028,,1603972724,363155064,"""map_zed""",,,3.5322739123033395,-4.751716990015684,3.8642638039185275,,-0.02724384062714245,0.00134277348926648,0.9273585438614882,-0.3731783772331132
1603972724475405736,,1029,,1603972724,429903064,"""map_zed""",,,3.5405431901884685,-4.769921508706447,3.883316818835746,,-0.026854635839807045,0.0010139921098206457,0.9283214105058547,-0.3708060937340874
1603972724541595432,,1030,,1603972724,496656064,"""map_zed""",,,3.5609685959891966,-4.793891685771721,3.916364838161859,,-0.03070304872607225,0.002985112094713004,0.9289614429020173,-0.3688889392569373
1603972724609408104,,1031,,1603972724,563393064,"""map_zed""",,,3.5394417722402562,-4.834749565878729,3.90884235979617,,-0.02830110209586935,0.0017176815865755804,0.9300632778470125,-0.36630369420823083
1603972724675012360,,1032,,1603972724,630157064,"""map_zed""",,,3.5347341262597936,-4.863062051273816,3.912631665939642,,-0.028692497161123025,0.0011960399661912404,0.9300927591317271,-0.36620044989839856
1603972724808477704,,1033,,1603972724,763776064,"""map_zed""",,,3.4938591026237167,-4.872563896707966,3.929870076332597,,-0.031019299117072473,0.0,0.9308256434968131,-0.3641447850663652
1603972724874883304,,1034,,1603972724,830528064,"""map_zed""",,,3.4845139480538116,-4.8973533780462954,3.9312669779693623,,-0.03276399963990003,0.0009689030905552725,0.9314522937797484,-0.36238405865441026
1603972724941865704,,1035,,1603972724,897276064,"""map_zed""",,,3.4621244268474567,-4.892229416285118,3.942924580467189,,-0.031162370413188274,0.0,0.9319821876741572,-0.36116216375518
1603972725009391336,,1036,,1603972724,964020064,"""map_zed""",,,3.4230092902131077,-4.886945047113137,3.967818283756224,,-0.03417705347825581,0.0,0.9323883273669132,-0.35983876390054814
1603972725075948328,,1037,,1603972725,30904064,"""map_zed""",,,3.4055152122671384,-4.898361656965947,3.972812028652557,,-0.03383438531319851,0.0,0.933083802597928,-0.35806403296040373
1603972725142465928,,1038,,1603972725,97655064,"""map_zed""",,,3.4168668795043384,-4.904525067983316,3.977523142981594,,-0.032893135718968,-0.0010571599568644204,0.934022772172985,-0.3556942297784591
1603972725209746888,,1039,,1603972725,164403064,"""map_zed""",,,3.4248966397831135,-4.923531977682866,3.9857812195575115,,-0.03365844166676753,-0.0015099264211912177,0.9345476173079847,-0.35423943937785335
1603972725276944328,,1040,,1603972725,231155064,"""map_zed""",,,3.405132318446108,-4.931234188211888,3.984043543405155,,-0.03321995191930444,-0.002640784700848162,0.9345065294264285,-0.3543825722436339
1603972725343190760,,1041,,1603972725,297903064,"""map_zed""",,,3.4185529903577816,-4.9513212562774305,4.017337526289425,,-0.035006094122316915,-0.0015049838435162422,0.9349288779750607,-0.3531009792201434
1603972725409157960,,1042,,1603972725,364655064,"""map_zed""",,,3.3898143537049332,-4.9435455140635165,4.017617621217074,,-0.03387445761889346,-0.002117840917277014,0.9353421821807281,-0.35211225213597547
1603972725476060424,,1043,,1603972725,431529064,"""map_zed""",,,3.372298442258344,-4.9361346550103935,4.050068680987942,,-0.039225049597061884,-0.0035019503225185837,0.9354723162713281,-0.35119891417543264
1603972725543047144,,1044,,1603972725,498280064,"""map_zed""",,,3.3486118972248953,-4.9316909954180925,4.06512770975485,,-0.03681042452831354,-0.0029423756338605635,0.9362519472317387,-0.34938320849241206
1603972725609721192,,1045,,1603972725,565028064,"""map_zed""",,,3.342079417179738,-4.933071696695042,4.0774145863153795,,-0.037263051121809915,-0.0039043422324805924,0.9363305084822625,-0.34911516727030456
1603972725676604136,,1046,,1603972725,631779064,"""map_zed""",,,3.320983327302249,-4.930799196628103,4.08554266946316,,-0.03850345936465225,-0.003569382595290627,0.9363477529087308,-0.34893785800284466
1603972725743084680,,1047,,1603972725,698526064,"""map_zed""",,,3.289784104800854,-4.926295370645185,4.101349930286075,,-0.03910462859390947,-0.005389096582620212,0.9365396924662025,-0.34833201129937297
1603972725810954824,,1048,,1603972725,765403064,"""map_zed""",,,3.243122019316288,-4.89248352115624,4.113800598615702,,-0.03964316896899017,-0.0032800364272300144,0.9364270690628006,-0.34860006431666773
1603972725877693704,,1049,,1603972725,832154064,"""map_zed""",,,3.231295444213542,-4.911377856793363,4.10620255554523,,-0.03728703449918367,-0.005049345138358801,0.9370428425486672,-0.3471813537623299
1603972725946083848,,1050,,1603972725,898903064,"""map_zed""",,,3.203259248441701,-4.927365362534903,4.112277249161681,,-0.03939241193813013,-0.00444845392164156,0.937221234531834,-0.34647482835269394
1603972726011034824,,1051,,1603972725,965658064,"""map_zed""",,,3.1930108811795055,-4.941730166426583,4.114662750984988,,-0.038527447457819615,-0.003964936798336316,0.9377484851318955,-0.3451487993625435
1603972726076900104,,1052,,1603972726,32403064,"""map_zed""",,,3.1656166786216478,-4.932697035417217,4.12392524377426,,-0.0401911737393607,-0.005043439590416211,0.9377757950288157,-0.34487068812617727
1603972726143459144,,1053,,1603972726,99281064,"""map_zed""",,,3.1723306842012424,-4.934471817370881,4.128242867498872,,-0.04076984074343711,-0.0022242269053999717,0.9379118501850244,-0.3444622391248893
1603972726211819592,,1054,,1603972726,166026064,"""map_zed""",,,3.1549923922759167,-4.939746328780912,4.13630345398539,,-0.039639033434094355,-0.0037266449124983563,0.9381542219282948,-0.3439207976034928
1603972726279147400,,1055,,1603972726,232782064,"""map_zed""",,,3.0914025017992914,-4.938544919444993,4.137627816785981,,-0.04128467708040321,-0.003998618149825505,0.9381394486088733,-0.34376439817860405
1603972726345690344,,1056,,1603972726,299528064,"""map_zed""",,,3.09192691107572,-4.976800871197732,4.147686697219892,,-0.040949265257221916,-0.0027513249472472397,0.9391414856185805,-0.3410701656199996
1603972726412331176,,1057,,1603972726,366280064,"""map_zed""",,,3.1029774810329203,-5.00303988620942,4.200321693595825,,-0.04459277260114544,-0.005932667415315992,0.9391676381693832,-0.34050027239992703
1603972726478597096,,1058,,1603972726,433155064,"""map_zed""",,,3.0757722699116012,-5.070001824801742,4.17989642048954,,-0.04382392513294854,-0.004475171802077809,0.9400847815339937,-0.33808288917285784
1603972726544233288,,1059,,1603972726,499903064,"""map_zed""",,,3.0181805283450225,-5.10114637426054,4.1773230959816665,,-0.04267802475125601,-0.003588119765618308,0.9406490950943961,-0.3366674791214209
1603972726611270600,,1060,,1603972726,566653064,"""map_zed""",,,2.987248144134668,-5.130908584912157,4.187374149437035,,-0.04431639977918317,-0.00489804753333871,0.9411036358738636,-0.33516564917360964
1603972726679337864,,1061,,1603972726,633406064,"""map_zed""",,,2.9824529758903613,-5.143545091883413,4.188477043278951,,-0.04223650260729022,-0.0033585978189742843,0.9415967329269929,-0.3340664457999458
1603972726746921416,,1062,,1603972726,700152064,"""map_zed""",,,2.9420428150004634,-5.177221238156472,4.190627983148688,,-0.04377663491371249,-0.00466908978381234,0.9421360456794887,-0.33232736460851153
1603972726813765576,,1063,,1603972726,767032064,"""map_zed""",,,2.9437848376883093,-5.2064220406247985,4.187809226926043,,-0.04348736666314492,-0.004096182098472947,0.9429683170406464,-0.33000427768508145
1603972726879269960,,1064,,1603972726,833778064,"""map_zed""",,,2.8823779932544284,-5.243096385341739,4.180907806568862,,-0.04202783421796699,-0.004595099884396869,0.9435722696594959,-0.32845687409099367
1603972726945537256,,1065,,1603972726,900528064,"""map_zed""",,,2.840838519248857,-5.228349743583671,4.201120241091066,,-0.04512954521290377,-0.004475171695610166,0.9439489283048769,-0.32696133982360304
1603972727011813128,,1066,,1603972726,967282064,"""map_zed""",,,2.834574837084136,-5.252458693876312,4.200923519264318,,-0.042987299126974333,-0.005696905431341618,0.944616695298334,-0.3252982267795639
1603972727080143080,,1067,,1603972727,34027064,"""map_zed""",,,2.8004295214162793,-5.256606937816692,4.19660759133765,,-0.04210877290585125,-0.005336301704793733,0.9445521544542949,-0.3256065150518777
1603972727145767688,,1068,,1603972727,100903064,"""map_zed""",,,2.775855210798833,-5.257204854273494,4.199831325362624,,-0.04367542012615943,-0.004171876815457148,0.9445442813174222,-0.3254399387770263
1603972727212641544,,1069,,1603972727,167657064,"""map_zed""",,,2.7571526498261467,-5.276589864720043,4.197859812019823,,-0.042113374247191554,-0.006573687202717604,0.9448017327338327,-0.3248583324608194
1603972727279840840,,1070,,1603972727,234404064,"""map_zed""",,,2.751243515788968,-5.255116427029986,4.2152811548143765,,-0.04479996966656907,-0.005090492941053711,0.9448528325046717,-0.32437659364909577
1603972727345291336,,1071,,1603972727,301153064,"""map_zed""",,,2.741075235828834,-5.261173443411262,4.221350375606735,,-0.044108279339644556,-0.007172085391986266,0.9451240363324699,-0.32364112351715446
1603972727411977032,,1072,,1603972727,367903064,"""map_zed""",,,2.737261141345263,-5.2614800269669075,4.23153227740864,,-0.04545033572108399,-0.004616130455695599,0.9451425357556379,-0.32344790218497244
1603972727478553960,,1073,,1603972727,434653064,"""map_zed""",,,2.725433450179028,-5.293320264110695,4.22810793894469,,-0.04334183646992281,-0.005739901035593818,0.9457021656353883,-0.3220806617294067
1603972727546977768,,1074,,1603972727,501530064,"""map_zed""",,,2.7007808439039476,-5.301061828339656,4.223442839789385,,-0.04363463122191408,-0.00619318901886304,0.946053694213031,-0.3209985530088587
1603972727614002760,,1075,,1603972727,568279064,"""map_zed""",,,2.6688055334277676,-5.267392922989002,4.232885982300053,,-0.04434850061858939,-0.004032017658537828,0.945675610420975,-0.3220475014363571
1603972727679172488,,1076,,1603972727,635029064,"""map_zed""",,,2.6501219217754732,-5.286363861967182,4.233079635265731,,-0.04423832152614986,-0.0047230329410462065,0.9459350714344482,-0.32129037411458816
1603972727748333224,,1077,,1603972727,701778064,"""map_zed""",,,2.6172585942054623,-5.273413097253342,4.248852617196469,,-0.045909476548381095,-0.004819845421443433,0.9459262699039401,-0.32108033412027176
1603972727815403816,,1078,,1603972727,768533064,"""map_zed""",,,2.5991026158112924,-5.272236995601584,4.250193486467742,,-0.04651167189214282,-0.004440071474883746,0.9461540468920538,-0.3203271291865309
1603972727880876072,,1079,,1603972727,835403064,"""map_zed""",,,2.5421208353951275,-5.302461844301577,4.24087469437451,,-0.04501366470522328,-0.005516173606278399,0.9463354640822108,-0.31998832984791487
1603972727946212424,,1080,,1603972727,902153064,"""map_zed""",,,2.5171020986986283,-5.305720486982172,4.242575223174694,,-0.046409522184044094,-0.005882218598253509,0.9465874027591447,-0.31903580471901233
1603972728014854824,,1081,,1603972727,968905064,"""map_zed""",,,2.5086833373094066,-5.309882124238681,4.249844457799806,,-0.04504195792973443,-0.006557800544549049,0.9466165521298349,-0.3191321364446046
1603972728081460968,,1082,,1603972728,35653064,"""map_zed""",,,2.489581178775433,-5.306611569402168,4.257914753176727,,-0.04481992547309045,-0.005748980276153029,0.9464735492798049,-0.3196027910079319
1603972728147803208,,1083,,1603972728,102409064,"""map_zed""",,,2.4762346495669307,-5.325063661329729,4.2580987122730525,,-0.04515067091285275,-0.005119681796625197,0.9468128630559453,-0.3185602111473192
1603972728216577640,,1084,,1603972728,169281064,"""map_zed""",,,2.4919191163055503,-5.331933871011149,4.276762480393868,,-0.04635619087891613,-0.006515628316672131,0.946880775843222,-0.318159467081171
1603972728281829256,,1085,,1603972728,236027064,"""map_zed""",,,2.4814376675851766,-5.348589522343088,4.294068402020216,,-0.04902927750470101,-0.00445012823261175,0.94716694076217,-0.3169402351127297
1603972728348028840,,1086,,1603972728,302778064,"""map_zed""",,,2.47131820276604,-5.368045262737546,4.300921580779807,,-0.047657785669999696,-0.006720522118276789,0.9476885372069451,-0.3155471541529899
1603972728416847656,,1087,,1603972728,369529064,"""map_zed""",,,2.4175347051923253,-5.385938488883003,4.298171184496228,,-0.04902167902757237,-0.006081503241059477,0.9479547568769395,-0.314549947095893
1603972728482567592,,1088,,1603972728,436280064,"""map_zed""",,,2.421129945890792,-5.41212801664315,4.302905510121297,,-0.04857784806914566,-0.007588022270938481,0.9485340567475585,-0.3128350328607811
1603972728549311080,,1089,,1603972728,503151064,"""map_zed""",,,2.400370965926295,-5.41141483011987,4.317990019160551,,-0.04846375868125107,-0.007588022482468848,0.948681604687372,-0.3124050238665887
1603972728617182568,,1090,,1603972728,569905064,"""map_zed""",,,2.4125556203395573,-5.413298560060597,4.317104141684968,,-0.049413300020745926,-0.006330025250403795,0.9489269058807798,-0.3115380937492537
1603972728683068776,,1091,,1603972728,636653064,"""map_zed""",,,2.417761996630612,-5.450441238946846,4.325979331699349,,-0.050152333690633925,-0.008324086083331224,0.9495729009551829,-0.3093974123806132
1603972728748870600,,1092,,1603972728,703402064,"""map_zed""",,,2.4070770985934438,-5.454780220839695,4.327894210959261,,-0.05031947808349375,-0.008381173973900343,0.949738744086784,-0.30885923011734995
1603972728815169192,,1093,,1603972728,770161064,"""map_zed""",,,2.3830621202971387,-5.46727947007871,4.327055799675928,,-0.049858362992329236,-0.007000708175790821,0.9501148040088209,-0.3078099948475399
1603972728884175720,,1094,,1603972728,837029064,"""map_zed""",,,2.360526420895733,-5.495500323607049,4.327069345811652,,-0.05018871568527988,-0.00673159945991193,0.950696512506237,-0.30596065023962105
1603972728950505512,,1095,,1603972728,903792064,"""map_zed""",,,2.3517854143846666,-5.491472460408369,4.332692266620519,,-0.04968651757154839,-0.006331202574724877,0.9509528280281725,-0.3052538037613796
1603972729016054824,,1096,,1603972728,970530064,"""map_zed""",,,2.3374766514902943,-5.492116732294832,4.337745807666041,,-0.04996733594477192,-0.006328848478166392,0.9509921506011163,-0.30508546427285993
1603972729082227720,,1097,,1603972729,37277064,"""map_zed""",,,2.3236941688980264,-5.515548459762308,4.337402695686966,,-0.052091851399232836,-0.005528316321650638,0.9515739004512729,-0.3029240642741986
1603972729149575592,,1098,,1603972729,104037064,"""map_zed""",,,2.3489193367409995,-5.521323348689301,4.351230324084997,,-0.0509047840113244,-0.007909176818313216,0.9517136748594677,-0.3026338199413684
1603972729216297128,,1099,,1603972729,170907064,"""map_zed""",,,2.3030407702565636,-5.520165336205788,4.350110455532681,,-0.05059000891136095,-0.0061509390865114415,0.9516605812726748,-0.302894296741383
1603972729281902600,,1100,,1603972729,237657064,"""map_zed""",,,2.289737707713832,-5.5182552100917075,4.358776162897424,,-0.05180428874593379,-0.006949436321352957,0.9518412264180294,-0.3021031292346456
1603972729348603368,,1101,,1603972729,304403064,"""map_zed""",,,2.269982989263401,-5.547287992875387,4.350291723662754,,-0.04868019689763486,-0.007789578200800567,0.9524856698206261,-0.3005671467206862
1603972729416573448,,1102,,1603972729,371159064,"""map_zed""",,,2.277871335002958,-5.544185439651723,4.361630660540165,,-0.0511905642665824,-0.007041034525328029,0.9526179753009307,-0.29974813276555573
1603972729483062088,,1103,,1603972729,437904064,"""map_zed""",,,2.315940201933175,-5.495678717055955,4.400636001522151,,-0.053820549358521735,-0.0086652727916255,0.9526690052935592,-0.29908197516261986
1603972729549537896,,1104,,1603972729,504653064,"""map_zed""",,,2.276412284634472,-5.49990945334787,4.393630044587058,,-0.05383688153533224,-0.005661483793159574,0.9531111614705953,-0.29773923434438965
1603972729618472584,,1105,,1603972729,571529064,"""map_zed""",,,2.266659318140258,-5.525584079343877,4.392309777791069,,-0.05256838704169045,-0.007253688732714248,0.9535808527228337,-0.2964245367779082
1603972729684559656,,1106,,1603972729,638277064,"""map_zed""",,,2.2437580855027663,-5.53438579292358,4.387899219074508,,-0.05156022336659482,-0.008650643795322687,0.9537118722161456,-0.2961424902344943
1603972729750430760,,1107,,1603972729,705026064,"""map_zed""",,,2.219655721256621,-5.539006401269903,4.389381269051653,,-0.05100041469294522,-0.007462281036045113,0.9541561902890989,-0.2948376444687477
1603972729818099592,,1108,,1603972729,771780064,"""map_zed""",,,2.1859019065362304,-5.545535467342244,4.387837066464703,,-0.05203618601291748,-0.008332137209846352,0.9543554406053617,-0.29398725112101615
1603972729883438056,,1109,,1603972729,838534064,"""map_zed""",,,2.186134746609894,-5.561710963261058,4.389330072444835,,-0.05036299251645553,-0.007706881887589568,0.955126752617839,-0.2917825549789767
1603972729952503368,,1110,,1603972729,905402064,"""map_zed""",,,2.156461658244085,-5.582558402402634,4.386474471572572,,-0.05170091963657361,-0.008611799179451518,0.95541041664454,-0.29059213270619016
1603972730017068424,,1111,,1603972729,972162064,"""map_zed""",,,2.1498927079651957,-5.616234755048751,4.37760399793354,,-0.0505472784692921,-0.009638144453860907,0.9557332217220076,-0.28969999604367686
1603972730084071464,,1112,,1603972730,38905064,"""map_zed""",,,2.1087485771044006,-5.616395950400309,4.373750992434118,,-0.04888515749356957,-0.008242232438245723,0.9557863141337934,-0.28985311572553485
1603972730150747720,,1113,,1603972730,105651064,"""map_zed""",,,2.093612846383996,-5.628406525350992,4.377621401743024,,-0.05166660791424584,-0.009334986662899,0.9557460171223953,-0.2894701546020197
1603972730218216936,,1114,,1603972730,172403064,"""map_zed""",,,2.1041250609346083,-5.6450160567428584,4.3840381561857065,,-0.05172137866319748,-0.009025776671940424,0.9563026932249876,-0.2876257868746849
1603972730351926984,,1115,,1603972730,306034064,"""map_zed""",,,2.061148986733879,-5.641275410752698,4.395236815460094,,-0.05329302391821859,-0.007870459095222819,0.9563819884445303,-0.28710869310100856
1603972730418792584,,1116,,1603972730,372780064,"""map_zed""",,,2.047901643582682,-5.655343587817239,4.392999371785426,,-0.05080134748971063,-0.009650505062114496,0.9567894254535732,-0.28614696606027
1603972730484246984,,1117,,1603972730,439526064,"""map_zed""",,,2.035856689634841,-5.659022857892684,4.395204301549273,,-0.051731173388032674,-0.00947756328280155,0.9568455300460466,-0.2857983434609411
1603972730550804008,,1118,,1603972730,506276064,"""map_zed""",,,2.0059764609121635,-5.656727398134744,4.397337898746348,,-0.05338423467904084,-0.007889369160931668,0.9569809022277063,-0.2850884671701418
1603972730617149800,,1119,,1603972730,573154064,"""map_zed""",,,1.9831194943328667,-5.678217486044033,4.39373092634986,,-0.051924241572012184,-0.010993108519170488,0.9576983770544927,-0.2828371320909753
1603972730684253704,,1120,,1603972730,639908064,"""map_zed""",,,1.9561393606381519,-5.6775779664505395,4.392514132946595,,-0.05351165154696626,-0.008609203040631851,0.9578001292748135,-0.28227875784917233
1603972730750132648,,1121,,1603972730,706653064,"""map_zed""",,,1.9342330883099075,-5.688246686860353,4.388938447878059,,-0.051557476871065926,-0.008863346532138222,0.9580547084862219,-0.28177019575235596
1603972730820308104,,1122,,1603972730,773402064,"""map_zed""",,,1.9160061375665651,-5.698024975383346,4.386875734039202,,-0.05209213803923139,-0.010671207550478578,0.9582257749389335,-0.28102650893927533
1603972730888015656,,1123,,1603972730,840165064,"""map_zed""",,,1.8947628158202923,-5.727097733682251,4.3783393511057564,,-0.051367818601783105,-0.007632079429121552,0.9587582217734444,-0.2794383129735519
1603972730952083272,,1124,,1603972730,907028064,"""map_zed""",,,1.8905684395057298,-5.736969344529532,4.383570865213959,,-0.05235905769197148,-0.00905379901922309,0.9587786471234193,-0.2791416551163836
1603972731018282344,,1125,,1603972730,973779064,"""map_zed""",,,1.8866845600912487,-5.745780011833061,4.384180661041433,,-0.05433980412198699,-0.009925300322397156,0.9589019482472749,-0.27830869147239135
1603972731087237320,,1126,,1603972731,40528064,"""map_zed""",,,1.8437173421748727,-5.756127912227589,4.37712919809213,,-0.051966265262106355,-0.008175977571534506,0.9591264801911077,-0.27804506048781885
1603972731152960296,,1127,,1603972731,107280064,"""map_zed""",,,1.8086519884212684,-5.760640244295879,4.371965176885112,,-0.052271470926590236,-0.00876019344647257,0.9592444392238211,-0.2775627103126933
1603972731219482504,,1128,,1603972731,174031064,"""map_zed""",,,1.8007811048776874,-5.776461215621624,4.372351065504912,,-0.051553140945536764,-0.0080065465873128,0.9596291709704544,-0.2763874510410215
1603972731286283368,,1129,,1603972731,240906064,"""map_zed""",,,1.7950581200631004,-5.77110943676589,4.384720425174503,,-0.05281019171685815,-0.009850703106847668,0.9598661590026965,-0.2752653339971087
1603972731352365544,,1130,,1603972731,307661064,"""map_zed""",,,1.7496598674102826,-5.81337048825549,4.361903899489534,,-0.05233343734990149,-0.011360411628510935,0.9602547369329517,-0.27393976086103755
1603972731420270216,,1131,,1603972731,374401064,"""map_zed""",,,1.7218231418697483,-5.817106500152978,4.3552147651339155,,-0.0484834310055429,-0.012287333523097507,0.9610937767632031,-0.2716562729256686
1603972731485854152,,1132,,1603972731,441158064,"""map_zed""",,,1.7068882686024494,-5.817395406562715,4.36410487556996,,-0.051768028882821254,-0.010570893569004364,0.9611480444345847,-0.2709294448270877
1603972731553152456,,1133,,1603972731,507903064,"""map_zed""",,,1.7118624981170667,-5.8268886341895865,4.376973542246698,,-0.051917353240321026,-0.01398491153651912,0.9618968041660383,-0.2680737749519666
1603972731621148200,,1134,,1603972731,574653064,"""map_zed""",,,1.6822770416662944,-5.820979274501314,4.376640964695541,,-0.05039316034892258,-0.01383493465868746,0.9620559795621607,-0.2678010757292224
1603972731687737032,,1135,,1603972731,641532064,"""map_zed""",,,1.6547137041540476,-5.830950017398591,4.370334418723358,,-0.05133749598555502,-0.011449257963481885,0.9621895056722354,-0.2672540573541178
1603972731753064904,,1136,,1603972731,708279064,"""map_zed""",,,1.6361655500619425,-5.842512783519238,4.371229395011588,,-0.05137057601793677,-0.012424215672920489,0.9623985885427484,-0.26645010706588906
1603972731819538120,,1137,,1603972731,775032064,"""map_zed""",,,1.6133093951891555,-5.856908641235554,4.365128357057054,,-0.052305668408752636,-0.010680978148916368,0.9624921049647067,-0.266005604524987
1603972731886954344,,1138,,1603972731,841780064,"""map_zed""",,,1.597870536482802,-5.8713698946728945,4.3635417045291325,,-0.05231079684858588,-0.009950789343597397,0.9628128735125638,-0.26486965270295704
1603972731954272520,,1139,,1603972731,908531064,"""map_zed""",,,1.5707482364336736,-5.879986013573816,4.3628478165919065,,-0.053551316881057666,-0.011479153430693388,0.962909113583929,-0.26420924373274884
1603972732020937960,,1140,,1603972731,975406064,"""map_zed""",,,1.5540655178298182,-5.852994708195831,4.370145422469198,,-0.05266269169057643,-0.009946295751016486,0.9629434114291657,-0.2643249865031625
1603972732088503656,,1141,,1603972732,42154064,"""map_zed""",,,1.5314769918972717,-5.8589043973144035,4.371584327894916,,-0.05330979910401286,-0.010352253150211373,0.963104800086143,-0.2635906679403397
1603972732153298024,,1142,,1603972732,108906064,"""map_zed""",,,1.5543416496787505,-5.870793278493535,4.395411224682042,,-0.057171145889507634,-0.012231420420246095,0.9633994458027144,-0.2616168195265867
1603972732219921960,,1143,,1603972732,175653064,"""map_zed""",,,1.5330315762982298,-5.883442396676944,4.391315475996993,,-0.054503814503367005,-0.011412758614151971,0.9638815719802959,-0.26044461665043367
1603972732288202472,,1144,,1603972732,242405064,"""map_zed""",,,1.5178875894396724,-5.882664293251432,4.397033826395826,,-0.055884744057979524,-0.011572883275118165,0.9640576681772617,-0.2594913797853323
1603972732354072296,,1145,,1603972732,309278064,"""map_zed""",,,1.5137522997159878,-5.8811340827770096,4.405403116191087,,-0.05495943799373354,-0.012402007187613058,0.964483963246711,-0.25806265718435173
1603972732421861672,,1146,,1603972732,376029064,"""map_zed""",,,1.4991545971990572,-5.886021735640815,4.405156589170259,,-0.05493909928202969,-0.012934270462216166,0.9646145811294812,-0.25755214984558933
1603972732486451272,,1147,,1603972732,442778064,"""map_zed""",,,1.4886453767155465,-5.895014517458716,4.4063982406230515,,-0.05544667028780152,-0.011796692562530305,0.9647271777293275,-0.2570758202340068
1603972732554840264,,1148,,1603972732,509528064,"""map_zed""",,,1.4504860173363348,-5.9189030580213355,4.3977426338289405,,-0.05378800952338568,-0.012980271008305008,0.9652659801943425,-0.2553428089363757
1603972732620789288,,1149,,1603972732,576282064,"""map_zed""",,,1.4171101372021506,-5.918888053178616,4.39252176712451,,-0.053897605655314894,-0.013311822290674605,0.9653575654841121,-0.25495610260300466
1603972732689053640,,1150,,1603972732,643154064,"""map_zed""",,,1.4269085212123644,-5.895706964737181,4.412368605803284,,-0.05423494548227703,-0.012782457620377293,0.965384497961768,-0.25480963592616135
1603972732754656424,,1151,,1603972732,709904064,"""map_zed""",,,1.4259030951584124,-5.893086528242699,4.41900988543418,,-0.05472195889275407,-0.015032006415969183,0.9654443852554679,-0.25435543040545017
1603972732822344264,,1152,,1603972732,776655064,"""map_zed""",,,1.4116249420263876,-5.89946131286271,4.416861589311579,,-0.054616612445380616,-0.011925463781835123,0.9656851467490349,-0.2536276923107452
1603972732888071144,,1153,,1603972732,843405064,"""map_zed""",,,1.4118675899018072,-5.870049373530512,4.438212871300179,,-0.05482805375313503,-0.014215295758455619,0.9652498705252615,-0.2551166347753688
1603972732955865640,,1154,,1603972732,910277064,"""map_zed""",,,1.366339235621072,-5.878499052747961,4.4252704441191115,,-0.05548092264670886,-0.013856996568096335,0.9655865877739053,-0.2537171503456716
1603972733023117320,,1155,,1603972732,977032064,"""map_zed""",,,1.3629652476206782,-5.877008850674298,4.436475760578632,,-0.05600074751312761,-0.012443390836325091,0.9655754691462859,-0.25371852846293136
1603972733087816072,,1156,,1603972733,43796064,"""map_zed""",,,1.3358569475671125,-5.898641854828253,4.438248995705339,,-0.057396027757575956,-0.014031184731302484,0.9658871220154353,-0.2521326820890686
1603972733156663944,,1157,,1603972733,110545064,"""map_zed""",,,1.3211393015971575,-5.893045494812543,4.432841250649308,,-0.0549199781359452,-0.012712907368964852,0.96604838440682,-0.2521362666748847
1603972733224141192,,1158,,1603972733,177282064,"""map_zed""",,,1.297544462931199,-5.910312675248086,4.431551269553589,,-0.05588607699663611,-0.01314567456813056,0.9664229468885986,-0.2504608260092417
1603972733355688520,,1159,,1603972733,310900064,"""map_zed""",,,1.288704818191567,-5.9239573549817655,4.44176595235768,,-0.055975461690765026,-0.01424827854557353,0.9668371456980541,-0.24877634120919395
1603972733422191336,,1160,,1603972733,377651064,"""map_zed""",,,1.2378453643252338,-5.936402081322373,4.428566407940697,,-0.05620764518184535,-0.012049768012295712,0.9669562491731497,-0.24837696330166198
1603972733488157416,,1161,,1603972733,444442064,"""map_zed""",,,1.2363102671137092,-5.949407152063489,4.4329124770648205,,-0.05719967615290356,-0.014093173819993983,0.9672625126161706,-0.24684572345320238
1603972733555219752,,1162,,1603972733,511154064,"""map_zed""",,,1.2196138425098284,-5.938459369261093,4.4375662332475105,,-0.057343042678482954,-0.01304439989559088,0.967332414020351,-0.2465960662161867
1603972733623416680,,1163,,1603972733,577905064,"""map_zed""",,,1.195282259911003,-5.932364433601483,4.436589397848045,,-0.059352541358817006,-0.011470713084507304,0.9673857995175387,-0.24598864499686876
1603972733692068904,,1164,,1603972733,644655064,"""map_zed""",,,1.1713219704802695,-5.9325602017351295,4.434163693079168,,-0.05768232611514863,-0.013666424422512874,0.9677012883898883,-0.2450310073153997
1603972733758290344,,1165,,1603972733,711529064,"""map_zed""",,,1.1281293212670864,-5.959822429326574,4.424594003689328,,-0.05790856486314422,-0.011603744712004725,0.9680961976070357,-0.24351941073136
1603972733823290280,,1166,,1603972733,778282064,"""map_zed""",,,1.1149899577841558,-5.949374526029203,4.431230169745008,,-0.05769420165746818,-0.01162491409144114,0.9682523189625195,-0.24294791065406868
1603972733889381800,,1167,,1603972733,845030064,"""map_zed""",,,1.1016101770602966,-5.9881346513570035,4.422800825905934,,-0.057868021531949566,-0.01235505918466631,0.9688699088118436,-0.2403949758115817
1603972733957590088,,1168,,1603972733,911792064,"""map_zed""",,,1.0932101681850002,-5.983039897428311,4.422133564638624,,-0.057808896014824356,-0.010298857042358221,0.9689359266924098,-0.24023995306753057
1603972734027273992,,1169,,1603972733,978528064,"""map_zed""",,,1.0540347500738572,-5.993596232514295,4.422671637970799,,-0.059511375896091685,-0.011884157788275757,0.9688959319337964,-0.23991214228287305
1603972734091949384,,1170,,1603972734,45404064,"""map_zed""",,,1.0431833662465433,-5.991624617769341,4.424027770948978,,-0.05804222097340287,-0.01416804646418214,0.9692449603449111,-0.23873536371860615
1603972734225783880,,1171,,1603972734,178902064,"""map_zed""",,,1.014267244997868,-6.016983853180059,4.4283454599027,,-0.05808135811935816,-0.013795025515620205,0.9700413850173537,-0.23549090102092782
1603972734293110728,,1172,,1603972734,245655064,"""map_zed""",,,0.9978658356180363,-6.0171307678583945,4.434269060420703,,-0.05906475305609638,-0.01589072301430521,0.9701906989821766,-0.23449700952673277
1603972734358298184,,1173,,1603972734,312402064,"""map_zed""",,,0.9823916894546618,-6.012043590343931,4.4345262852257585,,-0.057512220015943825,-0.014479103503368076,0.97033840452759,-0.23436313875997564
1603972734423213896,,1174,,1603972734,379280064,"""map_zed""",,,0.9516278472039097,-6.032253475858247,4.427895392533449,,-0.05821295133505063,-0.01458165527973055,0.9705193723721368,-0.23343259300397579
1603972734490616200,,1175,,1603972734,446033064,"""map_zed""",,,0.9361433248394881,-6.030878429996512,4.437594575176913,,-0.06268676211406231,-0.013658243816419528,0.9703976861905064,-0.2328350335916344
1603972734556569320,,1176,,1603972734,512782064,"""map_zed""",,,0.9416180087005567,-6.036699323184922,4.441355657803712,,-0.059531026826970125,-0.014371673875515875,0.9709744059381038,-0.23121032599797256
1603972734624536840,,1177,,1603972734,579531064,"""map_zed""",,,0.9118044495319845,-6.049787525385744,4.43404286490403,,-0.059089973986848184,-0.013653334326751925,0.9712796875985844,-0.23008200688970004
1603972734690097768,,1178,,1603972734,646285064,"""map_zed""",,,0.8809327811597318,-6.059968742855951,4.42829883284346,,-0.06127880845364356,-0.011672884148063833,0.9713904196861082,-0.22914908673659168
1603972734825143336,,1179,,1603972734,779903064,"""map_zed""",,,0.8332567791812396,-6.080575451092707,4.418871766639957,,-0.05812072444215972,-0.012079411316877602,0.9720682010844172,-0.22706713027882575
1603972734892356968,,1180,,1603972734,846654064,"""map_zed""",,,0.8088391218397363,-6.087608988776117,4.4251672588272895,,-0.061104693772640765,-0.012469707483869072,0.972143968364735,-0.2259354499990728
1603972734959163688,,1181,,1603972734,913407064,"""map_zed""",,,0.7885281930425059,-6.09070043000339,4.430470425815148,,-0.06104467508652454,-0.013452125982248727,0.9725334761546179,-0.22421245663154696
1603972735025498472,,1182,,1603972734,980153064,"""map_zed""",,,0.7701840202833062,-6.079448460107582,4.434626605547306,,-0.0614581271439053,-0.013456002307311345,0.9725443954186572,-0.22405185459983953
1603972735092904744,,1183,,1603972735,47030064,"""map_zed""",,,0.7481914411004331,-6.0847374063751385,4.435385274057526,,-0.06128671502329587,-0.012374944274754385,0.9729377205209003,-0.22244772712582261
1603972735161385448,,1184,,1603972735,113773064,"""map_zed""",,,0.7340405718129569,-6.080381023441982,4.431783664007602,,-0.059472801971638976,-0.012396598946231437,0.9729869789171389,-0.22272325657170963
1603972735226169512,,1185,,1603972735,180528064,"""map_zed""",,,0.7147655812585159,-6.094491280528578,4.4295695504118395,,-0.06193670346869643,-0.014993792615081096,0.9732613107255481,-0.22068405468278576
1603972735293733192,,1186,,1603972735,247277064,"""map_zed""",,,0.6808391488708325,-6.128289215333199,4.41670887982612,,-0.061293154251233994,-0.012866697126432302,0.9739215858228265,-0.21806958067401794
1603972735358851336,,1187,,1603972735,314030064,"""map_zed""",,,0.6488623781936933,-6.145319132244346,4.4092460266785976,,-0.059707108642380644,-0.013505743761603193,0.974256034706077,-0.21697427244215853
1603972735426269224,,1188,,1603972735,380903064,"""map_zed""",,,0.6424123797098236,-6.149228876648774,4.418519533948175,,-0.06245706801471819,-0.014931050644619312,0.974403115784883,-0.21544081862628692
1603972735494392776,,1189,,1603972735,447654064,"""map_zed""",,,0.6085060829424322,-6.158430931482482,4.407569217922951,,-0.06024785164923125,-0.013051822402647456,0.9748192146536881,-0.21430666122542388
1603972735559806472,,1190,,1603972735,514405064,"""map_zed""",,,0.5815353285231286,-6.176002619192598,4.403381368610198,,-0.0604162956365602,-0.013058670690997292,0.975068620913726,-0.21312092072517064
1603972735627188328,,1191,,1603972735,581154064,"""map_zed""",,,0.5490958933584071,-6.197191061616871,4.398774059683387,,-0.06154716575654324,-0.013776109141431198,0.975371987228281,-0.21135669313890634
1603972735693288680,,1192,,1603972735,647905064,"""map_zed""",,,0.5403283014540148,-6.170362086002576,4.405408582795697,,-0.06019749840811596,-0.01409951778066266,0.9755080303199087,-0.2110960624102916
1603972735760653064,,1193,,1603972735,714651064,"""map_zed""",,,0.5144147135400643,-6.170319181659802,4.404128725427311,,-0.06139772733904466,-0.015054788381658437,0.9758363924055032,-0.20915785350159974
1603972735828656296,,1194,,1603972735,781528064,"""map_zed""",,,0.47967013167259603,-6.188265069406238,4.398870658018629,,-0.06268758873872714,-0.013702901578864501,0.9761508394983905,-0.20739343107492927
1603972735893259912,,1195,,1603972735,848279064,"""map_zed""",,,0.45119377146523904,-6.21111091277504,4.388081921255453,,-0.06045771681500041,-0.015283182989357968,0.9766288268480278,-0.20568768403741655
1603972735960334280,,1196,,1603972735,915028064,"""map_zed""",,,0.4216690693538097,-6.2289989521800635,4.381675662398156,,-0.0612777170912045,-0.015106663043599994,0.9769053417604577,-0.2041391274588501
1603972736027336520,,1197,,1603972735,981778064,"""map_zed""",,,0.4016813035849288,-6.2325882993162285,4.377547649990551,,-0.06120752167943527,-0.013132065528716385,0.9772830601134531,-0.20248211911202327
1603972736093954152,,1198,,1603972736,48531064,"""map_zed""",,,0.37505247117009544,-6.245669659672356,4.371129589916588,,-0.059595696302467756,-0.01526415898506313,0.9775034135814265,-0.20174844452773674
1603972736160285576,,1199,,1603972736,115406064,"""map_zed""",,,0.3441020044451303,-6.267279390388602,4.363519942221965,,-0.05877910578986777,-0.014325980156957734,0.9778782170176475,-0.20023480141442052
1603972736228742504,,1200,,1603972736,182153064,"""map_zed""",,,0.3252976551251754,-6.266742979967744,4.360581479848915,,-0.06022162869167552,-0.01332524820944906,0.9779569127726865,-0.199489523429163
1603972736295738024,,1201,,1603972736,248906064,"""map_zed""",,,0.3070867068509984,-6.245793581358621,4.372871231506289,,-0.059503612574745554,-0.014599018141782386,0.9779806962826144,-0.19949923924271723
1603972736360949384,,1202,,1603972736,315654064,"""map_zed""",,,0.2811214860664593,-6.271412733390706,4.360906445264195,,-0.05848340435463433,-0.014859522992310185,0.9782285887441498,-0.1985641310890829
1603972736428340040,,1203,,1603972736,382403064,"""map_zed""",,,0.2562059019308707,-6.2895960006476495,4.3551999205178795,,-0.05866072326355179,-0.012501334770355895,0.978485882191616,-0.19740317760069423
1603972736494298376,,1204,,1603972736,449281064,"""map_zed""",,,0.24090181460403567,-6.298611207938234,4.353937118002858,,-0.0573183478442162,-0.01392243881267885,0.9786643880627047,-0.1968166360747187
1603972736563334792,,1205,,1603972736,516030064,"""map_zed""",,,0.21766613923969527,-6.308880226421003,4.352248171481839,,-0.05876794732742409,-0.015254393898910687,0.978780015011864,-0.19571232471940395
1603972736626361064,,1206,,1603972736,582772064,"""map_zed""",,,0.18405405488960586,-6.308190832173804,4.347226041442318,,-0.0573054766209422,-0.012893306811566878,0.9789535242905795,-0.1954477993423396
1603972736695102216,,1207,,1603972736,649656064,"""map_zed""",,,0.1680467468316953,-6.322242703350763,4.346148102002176,,-0.057667469021580875,-0.014171202049894454,0.9793646552715869,-0.19317999910413047
1603972736762403080,,1208,,1603972736,716280064,"""map_zed""",,,0.1557606239400383,-6.343783043117445,4.341400279512035,,-0.05862273130807462,-0.013545404784516234,0.9797230120488448,-0.19110917572200387
1603972736830276200,,1209,,1603972736,783153064,"""map_zed""",,,0.13722570422348387,-6.342975802124192,4.348201448769071,,-0.05701245919682575,-0.014337417189994131,0.979911119817091,-0.1905733854017004
1603972736894919048,,1210,,1603972736,849906064,"""map_zed""",,,0.12876996821404035,-6.359691674449524,4.349390220021541,,-0.05736941168107967,-0.014319217004593295,0.9800023554313676,-0.18999761571323365
1603972736961706312,,1211,,1603972736,916656064,"""map_zed""",,,0.10108200592183794,-6.389874479522198,4.338300421918414,,-0.0592774234940146,-0.014366488158537105,0.9801970847262648,-0.18839709704778734
1603972737028390600,,1212,,1603972736,983402064,"""map_zed""",,,0.07998258251970997,-6.393645704267364,4.336917421791775,,-0.05636807162353079,-0.015583937998090653,0.980488599001386,-0.18767495465888817
1603972737096887112,,1213,,1603972737,50153064,"""map_zed""",,,0.056723334082893546,-6.408535099090023,4.333753121798652,,-0.05674234948910876,-0.014841461070693026,0.9805919823904345,-0.18708126811453016
1603972737163225032,,1214,,1603972737,117026064,"""map_zed""",,,0.034010750956329966,-6.417799780366307,4.3330092233093245,,-0.05762701461387838,-0.013170023402616625,0.9807420934643531,-0.18614678019623218
1603972737229450280,,1215,,1603972737,183778064,"""map_zed""",,,0.010868127727007598,-6.431439117207113,4.32889895478475,,-0.05598757430598993,-0.01436959955860404,0.9809610869220067,-0.18540294516714662
1603972737295728456,,1216,,1603972737,250529064,"""map_zed""",,,-0.018741058363397158,-6.443007539927413,4.322202515403051,,-0.055585036117299716,-0.013785301253941213,0.9810169082997623,-0.18527302787818925
1603972737362604328,,1217,,1603972737,317277064,"""map_zed""",,,-0.03886319624758859,-6.452516211850907,4.32400899386396,,-0.056977946635036594,-0.012878852038259267,0.9809671100097254,-0.1851787726673847
1603972737429644904,,1218,,1603972737,384031064,"""map_zed""",,,-0.04899039867670102,-6.438314232767018,4.331060243303511,,-0.05638776496491788,-0.015085935061167823,0.9808831474878967,-0.1856369723407176
1603972737497720808,,1219,,1603972737,450903064,"""map_zed""",,,-0.07231508163983287,-6.441314702978663,4.326321014110315,,-0.05675705176184324,-0.014749307254054232,0.9808609531275159,-0.18566875246150058
1603972737565422312,,1220,,1603972737,517655064,"""map_zed""",,,-0.09635996176604522,-6.450796156796381,4.3278683730501,,-0.05738875858028821,-0.013458217999815912,0.9808342229271269,-0.18571384948845912
1603972737630305480,,1221,,1603972737,584418064,"""map_zed""",,,-0.1155396679935522,-6.459924247416776,4.3241214928506535,,-0.05661602497309613,-0.015097783424522554,0.9808467340673876,-0.1857588945952557
1603972737697353448,,1222,,1603972737,651179064,"""map_zed""",,,-0.14184959054506618,-6.475567712824346,4.324932037549316,,-0.05791255528805862,-0.014718461027347635,0.9807189224833046,-0.18606423065215977
1603972737767500264,,1223,,1603972737,717903064,"""map_zed""",,,-0.17493755881595607,-6.504505266000077,4.309308762869193,,-0.056122080211012046,-0.012514438741189144,0.9811400841689759,-0.18454765285062974
1603972737832698184,,1224,,1603972737,784654064,"""map_zed""",,,-0.2031208657418159,-6.521837459559154,4.309340639805835,,-0.05812085520745252,-0.012552485087769159,0.9810313156603604,-0.18450463138300346
1603972737898530184,,1225,,1603972737,851529064,"""map_zed""",,,-0.23401989989656674,-6.547692281640977,4.297657645540736,,-0.05620937244605338,-0.01221557376490408,0.9811092955869095,-0.18470472738880647
1603972737965391112,,1226,,1603972737,918279064,"""map_zed""",,,-0.25473475307497917,-6.568085786056116,4.293827056655442,,-0.055781324482483526,-0.010822343837876666,0.9811068356582943,-0.18493430654533397
1603972738030316232,,1227,,1603972737,985029064,"""map_zed""",,,-0.27217391026270443,-6.568442366575818,4.294289736467048,,-0.05536490828735432,-0.01189543631533935,0.9809870325528255,-0.18562776594141922
1603972738097413480,,1228,,1603972738,51778064,"""map_zed""",,,-0.2969624470086313,-6.584599766918412,4.289801857396694,,-0.05601285226232323,-0.012935998381885562,0.9808053725819605,-0.1863224126122904
1603972738166169640,,1229,,1603972738,118530064,"""map_zed""",,,-0.31806151084676476,-6.586438898656404,4.292582622706065,,-0.05659022245618185,-0.011970361828784791,0.980671059149782,-0.1869185140805817
1603972738230763144,,1230,,1603972738,185403064,"""map_zed""",,,-0.32909770804388927,-6.582642943255614,4.294038617461828,,-0.05549475540799981,-0.012860905356225926,0.9805122000454112,-0.1880179640293239
1603972738296781384,,1231,,1603972738,252154064,"""map_zed""",,,-0.3625555016527591,-6.609047011917659,4.287053451999097,,-0.055848469300076524,-0.012871329019029766,0.9803515884208902,-0.18874861707244342
1603972738366293288,,1232,,1603972738,318901064,"""map_zed""",,,-0.38286336007698757,-6.606081809839229,4.284239353834875,,-0.05507522333270894,-0.011695839219118731,0.979919949462839,-0.19127681449815118
1603972738431635080,,1233,,1603972738,385657064,"""map_zed""",,,-0.39845419891773676,-6.510194047362928,4.322342113090175,,-0.059305693548790124,-0.013471496284471482,0.9785309944468616,-0.1969224375417658
1603972738497086568,,1234,,1603972738,452406064,"""map_zed""",,,-0.40671337197005786,-6.516947192708857,4.320187164925408,,-0.057215306210009816,-0.013328043581399497,0.9781206130884692,-0.1995716368651221
1603972738564398312,,1235,,1603972738,519280064,"""map_zed""",,,-0.43387499223603754,-6.525689509088857,4.317805260549019,,-0.0572387439824609,-0.012026869028128778,0.977619490913378,-0.20208713861836583
1603972738630827656,,1236,,1603972738,586030064,"""map_zed""",,,-0.451220454000429,-6.536350171879856,4.317806706113994,,-0.05681268128993537,-0.01277371217289591,0.9770445829208901,-0.20492202055151618
1603972738697559048,,1237,,1603972738,652779064,"""map_zed""",,,-0.4882667862890413,-6.566522760134231,4.305451155919769,,-0.05649548024262495,-0.010612397455286433,0.9765961766801952,-0.20725719631904505
1603972738764970216,,1238,,1603972738,719529064,"""map_zed""",,,-0.49689575410670533,-6.567108230875677,4.301387003642526,,-0.05427902770110097,-0.011282097201493754,0.9759387670018196,-0.21087917037376505
1603972738831910920,,1239,,1603972738,786279064,"""map_zed""",,,-0.5184678373108406,-6.577871299734071,4.303010848479077,,-0.05454617335809204,-0.010373104305895414,0.9745042865826822,-0.21739022312658268
1603972738898236072,,1240,,1603972738,853155064,"""map_zed""",,,-0.5347931797210026,-6.582943997057226,4.306766684434965,,-0.05628116165562996,-0.01124439149646626,0.9728971860656922,-0.22400236571970666
1603972738965995656,,1241,,1603972738,919903064,"""map_zed""",,,-0.5591867832041235,-6.601735772643036,4.300739750262025,,-0.05473217017452322,-0.010708147702657161,0.9711742439903598,-0.23175485524691422
1603972739032101960,,1242,,1603972738,986655064,"""map_zed""",,,-0.5794404757777103,-6.615172513269658,4.297099043610025,,-0.055025011347347205,-0.009803697475100627,0.9688905485677547,-0.24109591563964006
1603972739099529448,,1243,,1603972739,53404064,"""map_zed""",,,-0.6036750084755359,-6.619675019248951,4.296889554619207,,-0.056650620827021866,-0.008876786704087897,0.9662578254854992,-0.2511129715999509
1603972739166669128,,1244,,1603972739,120156064,"""map_zed""",,,-0.6276864471865362,-6.634756069681691,4.292357356725382,,-0.05589114129594493,-0.008460802026170494,0.9635527134029899,-0.26147803664446934
1603972739230531176,,1245,,1603972739,187029064,"""map_zed""",,,-0.6445811872925944,-6.6354955875898085,4.292301624884444,,-0.05455327581395005,-0.007924234748576616,0.9611378024155179,-0.2705092814849159
1603972739299525224,,1246,,1603972739,253781064,"""map_zed""",,,-0.6700821738596884,-6.662961706232311,4.289895160016987,,-0.05695374617700891,-0.008744870212947073,0.9600540290244302,-0.2738175658998564
1603972739370266632,,1247,,1603972739,320530064,"""map_zed""",,,-0.6961284548040811,-6.680813886955028,4.282603961593095,,-0.05567329734903476,-0.00873208136807829,0.9585930083951768,-0.279148130878843
1603972739432748264,,1248,,1603972739,387279064,"""map_zed""",,,-0.7196493444143531,-6.697750295963708,4.275983003388393,,-0.05488225003898971,-0.004586986054332076,0.9561395578374928,-0.2876874069679082
1603972739499449544,,1249,,1603972739,454027064,"""map_zed""",,,-0.7416645353502305,-6.715744955483447,4.271307588283401,,-0.05414833280373648,-0.0031478997271805107,0.9530479579335089,-0.2979222023627174
1603972739567897992,,1250,,1603972739,520904064,"""map_zed""",,,-0.7655051105154925,-6.724881889685994,4.264394303667972,,-0.052277565833672004,0.0,0.950907827736096,-0.3050268172812438
1603972739631674472,,1251,,1603972739,587656064,"""map_zed""",,,-0.7835347517561047,-6.744478864534329,4.262315647211415,,-0.05314784771563628,0.0,0.9498355213521356,-0.3082008901040236
1603972739700162472,,1252,,1603972739,654413064,"""map_zed""",,,-0.8073167156951634,-6.761015980501143,4.257394340516977,,-0.05206438145244875,0.0,0.9487301012514803,-0.31176993947994713
1603972739766264648,,1253,,1603972739,721153064,"""map_zed""",,,-0.8284519175882028,-6.777791359268194,4.2539885550825565,,-0.05240226349689641,0.0,0.9478115592938017,-0.31449523183898054
1603972739830916904,,1254,,1603972739,787904064,"""map_zed""",,,-0.856644813367042,-6.813439690180765,4.24789077413898,,-0.052807191033221644,0.0,0.9473404432494446,-0.3158440836221674
1603972739899395976,,1255,,1603972739,854651064,"""map_zed""",,,-0.8794766757897392,-6.818320642864405,4.2419560003761045,,-0.05111788383070036,0.0005725605487110791,0.9465999917738305,-0.3183317290200163
1603972739966607496,,1256,,1603972739,921531064,"""map_zed""",,,-0.9016935219832691,-6.83958637141744,4.241214207971328,,-0.051984583053110676,0.0,0.9464342624745581,-0.3186844676777229
1603972740032727176,,1257,,1603972739,988279064,"""map_zed""",,,-0.9164084351680073,-6.85641110934969,4.241932502549338,,-0.0514670746807608,0.0,0.9461727417343412,-0.31954386713364497
1603972740101988104,,1258,,1603972740,55030064,"""map_zed""",,,-0.968687817378822,-6.886528762220326,4.231941639548084,,-0.05181076128700485,0.0018792485800917418,0.9454874621878785,-0.3215051668094312
1603972740169488328,,1259,,1603972740,121779064,"""map_zed""",,,-0.9975184409584759,-6.932503476607007,4.232144859244942,,-0.05189826115446629,0.0006224388802879213,0.9451233336626397,-0.32256482639215617
1603972740233606984,,1260,,1603972740,188528064,"""map_zed""",,,-1.0226322854699241,-6.963822032504061,4.2238322732765825,,-0.05120610763408181,0.0,0.9443371841048102,-0.3249695635870608
1603972740302133384,,1261,,1603972740,255406064,"""map_zed""",,,-1.0523647475165498,-6.977805814755148,4.217679389469572,,-0.050752633729598776,0.0029322296264110816,0.9434247278946146,-0.32766653017343633
1603972740368968328,,1262,,1603972740,322154064,"""map_zed""",,,-1.0757715845132163,-6.992285302140325,4.214216851690524,,-0.05043513256609026,0.0040943626667490135,0.9429937467913414,-0.32894122136001996
1603972740435571688,,1263,,1603972740,388904064,"""map_zed""",,,-1.1032388880682371,-7.0046976813056085,4.208413885029862,,-0.05011012542032017,0.0036519226684304834,0.9424554367003412,-0.3305350036307089
1603972740501524040,,1264,,1603972740,455667064,"""map_zed""",,,-1.123628384879301,-7.018459443947441,4.217093291088109,,-0.05126488181230096,0.003356378740294947,0.9422256895945224,-0.3310157042840256
1603972740570143112,,1265,,1603972740,522404064,"""map_zed""",,,-1.1503677233073148,-7.034689352574014,4.213642922165282,,-0.05106713681907057,0.005438639845309029,0.9419800152118848,-0.3317170777562599
1603972740633335656,,1266,,1603972740,589278064,"""map_zed""",,,-1.177554762422058,-7.050928036290591,4.20945027434285,,-0.052038328214312035,0.0037386210794931123,0.9415872264149562,-0.33270336662148986
1603972740701220968,,1267,,1603972740,656032064,"""map_zed""",,,-1.2088487526024025,-7.070409065878548,4.211960304683949,,-0.05257306285906578,0.005894871471169001,0.9409207173569689,-0.3344690227814859
1603972740769033800,,1268,,1603972740,722778064,"""map_zed""",,,-1.24025488439857,-7.084660083122521,4.2334421916275895,,-0.05359178742915979,0.004351939509016477,0.9404671124442688,-0.33560481425837224
1603972740836496680,,1269,,1603972740,789530064,"""map_zed""",,,-1.2908073570344873,-7.118098920008941,4.229011048571114,,-0.05430112548438232,0.0032227487213729988,0.940320099118077,-0.3359153358457727
1603972740900289256,,1270,,1603972740,856280064,"""map_zed""",,,-1.3254410036075013,-7.153496904801446,4.217716000800446,,-0.05282754015714278,0.002960047649425458,0.9404020197667908,-0.3359233995085768
1603972740968744904,,1271,,1603972740,923156064,"""map_zed""",,,-1.35615976499131,-7.161779180481803,4.215308760280881,,-0.05221827623210734,0.0038775342406602523,0.9399094442064775,-0.33738472556864546
1603972741036011208,,1272,,1603972740,989903064,"""map_zed""",,,-1.3862854802354885,-7.174746422529386,4.215943187037045,,-0.052863633559909314,0.0032891096971833554,0.9394350966237073,-0.33860938740065843
1603972741102951560,,1273,,1603972741,56652064,"""map_zed""",,,-1.4171068308854975,-7.2001133695837956,4.225900081486921,,-0.05457292270066213,0.0,0.9388479020394772,-0.3399800184481136
1603972741170286824,,1274,,1603972741,123403064,"""map_zed""",,,-1.447848041977114,-7.211264378819464,4.220433690095346,,-0.05385168942774838,0.00320187416329509,0.9386919612125805,-0.34051012540378184
1603972741235720776,,1275,,1603972741,190153064,"""map_zed""",,,-1.4683077167507816,-7.230896494809351,4.222134459897033,,-0.053027153577534895,0.0014749812118681233,0.9388033847241137,-0.3403441644048519
1603972741303486888,,1276,,1603972741,257031064,"""map_zed""",,,-1.5020565156836205,-7.260623556099071,4.22981782429545,,-0.05480885484646905,0.0,0.938315405830025,-0.34140912204048385
1603972741368710216,,1277,,1603972741,323779064,"""map_zed""",,,-1.5354223127204598,-7.275801607379544,4.222537795732736,,-0.05198074427891231,0.0015822120242619598,0.9379497031793508,-0.34284960716776164
1603972741435119848,,1278,,1603972741,390531064,"""map_zed""",,,-1.561005478062475,-7.290946935525885,4.22389873415599,,-0.054454418477929895,0.0,0.9377054078313775,-0.34313741333760245
1603972741505010056,,1279,,1603972741,457277064,"""map_zed""",,,-1.5916010323786285,-7.305596333354921,4.217023102334811,,-0.05272575397128908,0.0017392341745647067,0.937185334514212,-0.3448196901340317
1603972741569457608,,1280,,1603972741,524031064,"""map_zed""",,,-1.6121955957748373,-7.329886803846337,4.215638901512301,,-0.052625458238368734,0.0,0.9373651988963948,-0.34435017793392214
1603972741636717352,,1281,,1603972741,590904064,"""map_zed""",,,-1.6373123969147145,-7.344976426501146,4.219648784094687,,-0.052627985256862776,0.0,0.937241620733922,-0.34468600135754646
1603972741702288936,,1282,,1603972741,657659064,"""map_zed""",,,-1.6678996447857009,-7.3670531008403115,4.219057146854742,,-0.054600631458851946,0.0,0.9368167605005123,-0.3455331073712336
1603972741772364136,,1283,,1603972741,724407064,"""map_zed""",,,-1.6969110751229324,-7.380374496881519,4.221960505069412,,-0.05341713702432619,0.0,0.9363865150016644,-0.34688168587453855
1603972741838191240,,1284,,1603972741,791153064,"""map_zed""",,,-1.7225705194816985,-7.3941842403957905,4.222524621142317,,-0.05264851298855899,0.0,0.9360923562274114,-0.347791941673045
1603972741903285032,,1285,,1603972741,857903064,"""map_zed""",,,-1.7585536475527337,-7.439823965011786,4.225238727434661,,-0.05362747396320247,0.0,0.935970047047583,-0.34797150036471575
1603972741972981800,,1286,,1603972741,924656064,"""map_zed""",,,-1.7929265611000074,-7.456982309617674,4.223381939510181,,-0.05228515305436585,-0.001439187782099061,0.9354692036278878,-0.3495161807018594
1603972742037772424,,1287,,1603972741,991544064,"""map_zed""",,,-1.8164072606928126,-7.46279634061233,4.21941121909796,,-0.0505045158082657,-0.0017220136600727344,0.9350297861573695,-0.3509496082779276
1603972742104579336,,1288,,1603972742,58278064,"""map_zed""",,,-1.8423634158678792,-7.48466814430229,4.225343861794475,,-0.05229327446721372,-0.0021699692553270016,0.9346009477787015,-0.35182633939214997
1603972742172575400,,1289,,1603972742,125037064,"""map_zed""",,,-1.859767062127479,-7.495938442016868,4.225960219632608,,-0.05140508330218209,-0.003768395859038327,0.9344173654199103,-0.3524308496784287
1603972742237836392,,1290,,1603972742,191787064,"""map_zed""",,,-1.8793556591825051,-7.509828461871124,4.228020533755473,,-0.05228515496841301,-0.0024352952162735855,0.9339314975972701,-0.35359905218037396
1603972742305119336,,1291,,1603972742,258528064,"""map_zed""",,,-1.8978081407710694,-7.518342739116842,4.227495265427742,,-0.05337126047981563,-0.0043502270337472965,0.9337833943620978,-0.35380949180759586
1603972742371962088,,1292,,1603972742,325405064,"""map_zed""",,,-1.9135880762233766,-7.527807372572044,4.229340933606519,,-0.0535319756303913,-0.0028575927128013847,0.9336618968814547,-0.3541209172877518
1603972742439814824,,1293,,1603972742,392155064,"""map_zed""",,,-1.9329432250431497,-7.54842993252943,4.227376363515085,,-0.05289336351719076,-0.0025135816815165034,0.9337522489512244,-0.3539812305497272
1603972742506921896,,1294,,1603972742,458910064,"""map_zed""",,,-1.9401771097303262,-7.545959978911012,4.233206798174005,,-0.05517173128804255,-0.003910062794124707,0.9335158370610345,-0.354244228508895
1603972742575651752,,1295,,1603972742,525653064,"""map_zed""",,,-1.978255691666892,-7.572772152574801,4.223734705660323,,-0.05328673110447209,-0.002385842374836839,0.9337291693232019,-0.3539839973775163
1603972742638294664,,1296,,1603972742,592398064,"""map_zed""",,,-2.0008688351735775,-7.592018821276752,4.220095145349588,,-0.05283501076470968,-0.002916944050197087,0.9338714554549166,-0.35367224624137106
1603972742704673128,,1297,,1603972742,659279064,"""map_zed""",,,-2.01194363386745,-7.5975088113853415,4.220258839507263,,-0.053940163476540993,-0.0036191326583376038,0.9338245636622649,-0.35362274381592873
1603972742775211464,,1298,,1603972742,726027064,"""map_zed""",,,-2.0384982528013618,-7.616034830019788,4.219701422849232,,-0.05401980221164484,-0.0031265256046278285,0.9340903913416824,-0.3529124914335012
1603972742837955528,,1299,,1603972742,792793064,"""map_zed""",,,-2.050527918445574,-7.626007469735789,4.2180517337266235,,-0.05283163053921845,-0.00454127829826848,0.9353079687030701,-0.34983881901030095
1603972742906263464,,1300,,1603972742,859527064,"""map_zed""",,,-2.0700577713424,-7.638427439209311,4.220506657259287,,-0.05419619604649623,-0.004022767932998844,0.9359931735268726,-0.3477978849609937
1603972742980116648,,1301,,1603972742,926280064,"""map_zed""",,,-2.0956219416822037,-7.654505925779725,4.216195287694552,,-0.05279114033958548,-0.004724610074494863,0.9379499441993255,-0.34269618576484373
1603972743042890504,,1302,,1603972742,993155064,"""map_zed""",,,-2.116696705894185,-7.670253319025224,4.212652819582175,,-0.05163372398307256,-0.005935178707764906,0.9424842164819005,-0.33018515091361245
1603972743106799016,,1303,,1603972743,59903064,"""map_zed""",,,-2.134844804219565,-7.682774357236011,4.21103617840162,,-0.05106232059466537,-0.007589004641605724,0.9473124958999021,-0.3161235225919376
1603972743174010056,,1304,,1603972743,126658064,"""map_zed""",,,-2.1538664496331976,-7.694476020419307,4.207417418824734,,-0.050770245999457626,-0.007398105765997,0.9518346881550662,-0.30228856507810137
1603972743239071176,,1305,,1603972743,193403064,"""map_zed""",,,-2.171535869751671,-7.70348388911527,4.202876778557691,,-0.04990616047429248,-0.008849045224833315,0.9557613094521509,-0.2897436606720378
1603972743305958440,,1306,,1603972743,260155064,"""map_zed""",,,-2.1849198809700443,-7.71065748828978,4.20173404588384,,-0.050295784250107785,-0.007715577599628231,0.959564252956964,-0.27685239460065103
1603972743377814184,,1307,,1603972743,327030064,"""map_zed""",,,-2.19834928856002,-7.719246827230806,4.199448882059583,,-0.04901058676965762,-0.009640463780540764,0.9631416354114127,-0.264316503418949
1603972743439602792,,1308,,1603972743,393780064,"""map_zed""",,,-2.209958631622881,-7.726921113980744,4.199136486232498,,-0.04949510744653122,-0.011087586883918872,0.9661956834400243,-0.25277104473774736
1603972743504466824,,1309,,1603972743,460520064,"""map_zed""",,,-2.2237465033239108,-7.734331088028916,4.196547008438968,,-0.04827784571744719,-0.01255189213067269,0.9693451920106594,-0.24058594793262605
1603972743575083624,,1310,,1603972743,527280064,"""map_zed""",,,-2.238773996125,-7.746076334368802,4.195323327299249,,-0.04888988419360607,-0.012688855986047168,0.9715347554541599,-0.23144975934730785
1603972743639506856,,1311,,1603972743,594028064,"""map_zed""",,,-2.2509067762420902,-7.7505439019397215,4.193766826090392,,-0.048182218571439575,-0.012774294989203955,0.9724773028198535,-0.22760313420795827
1603972743709163112,,1312,,1603972743,660905064,"""map_zed""",,,-2.266061918625169,-7.759083565600333,4.190877583907276,,-0.04785140670700846,-0.013000345039383084,0.9745773809352013,-0.21849522300155907
1603972743774846664,,1313,,1603972743,727654064,"""map_zed""",,,-2.2806514406547693,-7.760222982395969,4.190232184772189,,-0.04764731322344451,-0.013035829436144014,0.977167864048725,-0.20664647629212426
1603972743840589096,,1314,,1603972743,794406064,"""map_zed""",,,-2.29237635876045,-7.76344246111648,4.190619874238048,,-0.04751499761195832,-0.015143608734727481,0.9798083940433358,-0.19361949044103074
1603972743906444424,,1315,,1603972743,861153064,"""map_zed""",,,-2.309676169042823,-7.7687659826096205,4.186570088101831,,-0.04605223016915958,-0.01645913587825746,0.9824878895514759,-0.17979387038293218
1603972743973098408,,1316,,1603972743,927903064,"""map_zed""",,,-2.3251276553058515,-7.773936360733623,4.185448600942211,,-0.04623258883303019,-0.016897812574816904,0.9847738794767065,-0.1667255768032595
1603972744038572360,,1317,,1603972743,994653064,"""map_zed""",,,-2.3478822198753546,-7.791915785298622,4.181998241267694,,-0.04734503090630254,-0.018511671515633005,0.9867857664086416,-0.15384933304856493
1603972744106077608,,1318,,1603972744,61526064,"""map_zed""",,,-2.363510917214426,-7.795302201501832,4.177065064552187,,-0.04512260799747824,-0.018187246997046734,0.9887386441026077,-0.14152408965370922
1603972744173370600,,1319,,1603972744,128279064,"""map_zed""",,,-2.376403840426302,-7.794916960356281,4.176616012649986,,-0.04550947560995341,-0.01880397995163037,0.9905737506853912,-0.12782387265594006
1603972744240582120,,1320,,1603972744,195032064,"""map_zed""",,,-2.3913015663693984,-7.799936030110381,4.172304739086969,,-0.04434144283758386,-0.020080103329316396,0.9925107120562722,-0.11204067275287456
1603972744309019976,,1321,,1603972744,261781064,"""map_zed""",,,-2.4060768223397027,-7.800794035225785,4.168985111502265,,-0.0435825207229012,-0.01866598399195847,0.9939418285468389,-0.0991553649280575
1603972744376069320,,1322,,1603972744,328529064,"""map_zed""",,,-2.423339919812769,-7.809826900337902,4.162039512612919,,-0.041745727007563384,-0.018939003796771922,0.9956517455285289,-0.08109383477052612
1603972744440103304,,1323,,1603972744,395410064,"""map_zed""",,,-2.4388911755253644,-7.8109038751820465,4.159020945247915,,-0.04198792886214949,-0.020209181750079266,0.9969286768811065,-0.06294295842225502
1603972744509599464,,1324,,1603972744,462153064,"""map_zed""",,,-2.4586590950933895,-7.816441923391863,4.15553565100242,,-0.04036062566116372,-0.020302608522623413,0.9980333404897371,-0.043454289251038856
1603972744575311400,,1325,,1603972744,528905064,"""map_zed""",,,-2.4749418007516746,-7.820356846444522,4.151318079153452,,-0.03927535190003996,-0.021876484149113876,0.9986295101040908,-0.026794919736122313
1603972744640945640,,1326,,1603972744,595656064,"""map_zed""",,,-2.4902808610040412,-7.821833795910466,4.148814688112771,,-0.03794266732615745,-0.02130468046448205,0.9989408456226252,-0.014954983558573645
1603972744707230536,,1327,,1603972744,662403064,"""map_zed""",,,-2.505524979638163,-7.822330443259515,4.146937812339483,,-0.037958371892225215,-0.020495092230581723,0.9990565051262864,-0.005021231183880588
1603972744842284072,,1328,,1603972744,796034064,"""map_zed""",,,-2.5331230597848715,-7.823284408459839,4.142828895575372,,-0.03664163618494397,-0.021258468495428253,0.9989811504887506,0.015560494307421333
1603972744910675304,,1329,,1603972744,862792064,"""map_zed""",,,-2.547774509395913,-7.825835500947559,4.142510270381142,,-0.03770964823438847,-0.02277944523873832,0.9986568909905341,0.027267075049855705
1603972744976360104,,1330,,1603972744,929530064,"""map_zed""",,,-2.5624164672360163,-7.823176518076153,4.140481153862069,,-0.03547250844581643,-0.023092916187106526,0.9984449723375641,0.03627748034769809
1603972745041668392,,1331,,1603972744,996276064,"""map_zed""",,,-2.575061794289659,-7.823671612147006,4.137823857502325,,-0.03485658027470923,-0.023261042363104462,0.9979187272152703,0.04901180054629201
1603972745107207208,,1332,,1603972745,63153064,"""map_zed""",,,-2.5906358012911,-7.818584234704176,4.137741954599726,,-0.03461312175004049,-0.024276038946778086,0.9972998629269811,0.06004655811614888
1603972745177178280,,1333,,1603972745,129903064,"""map_zed""",,,-2.6037462367136004,-7.817019836845682,4.136711325007025,,-0.0336502489532125,-0.02333491461760244,0.9964135799494386,0.07404809381422227
1603972745246525320,,1334,,1603972745,196652064,"""map_zed""",,,-2.619186910898255,-7.812174645723924,4.136684827038154,,-0.033738699119672574,-0.02414555683518169,0.9952995272337816,0.0875073902881484
1603972745309594280,,1335,,1603972745,263402064,"""map_zed""",,,-2.633242720474315,-7.800762672870669,4.137249347300313,,-0.031957252478536785,-0.024686287057141695,0.994137245603818,0.10030183522054509
1603972745378135656,,1336,,1603972745,330153064,"""map_zed""",,,-2.641049569123007,-7.800942649078683,4.13699945897407,,-0.031921795491350366,-0.0244415115287502,0.992555408088676,0.11496683591679932
1603972745440305032,,1337,,1603972745,397030064,"""map_zed""",,,-2.6567990948478637,-7.7965222431842145,4.134423163290818,,-0.03224020123752004,-0.026968147981852007,0.9907685060426403,0.12888388515492452
1603972745509190248,,1338,,1603972745,463780064,"""map_zed""",,,-2.6745387784241665,-7.7866635786086515,4.1340555123028,,-0.030866897405007407,-0.02720004938099254,0.9889297700447237,0.1425668330206934
1603972745577807816,,1339,,1603972745,530529064,"""map_zed""",,,-2.7498172498634053,-7.733208413818937,4.127923675338835,,-0.03010042196423927,-0.029187062683402303,0.9872334013135373,0.15366291452524927
1603972745639963048,,1340,,1603972745,597282064,"""map_zed""",,,-2.539196774725009,-7.361384408384049,4.12102347559486,,-0.030074667294410273,-0.030502682662156253,0.9875892436490669,0.15110455508093185
1603972745710463624,,1341,,1603972745,664028064,"""map_zed""",,,-2.547893470566489,-7.353999752658683,4.118515579384411,,-0.03009423264917325,-0.029984852537206362,0.9857476431924348,0.16277846823256326
1603972745780535848,,1342,,1603972745,730907064,"""map_zed""",,,-2.5547264900257347,-7.3514299958925715,4.118455986199366,,-0.030818341792773558,-0.029933125259379603,0.9834817209177131,0.17583498639941877
1603972745842953864,,1343,,1603972745,797653064,"""map_zed""",,,-2.5682679581330983,-7.343293508416909,4.117385185453727,,-0.02857983750395741,-0.03068460036675795,0.9810381164433216,0.18922437019030955
1603972745910736232,,1344,,1603972745,864405064,"""map_zed""",,,-2.5786719309692083,-7.338004417573931,4.117295292053473,,-0.028167047387823933,-0.030668330298170426,0.9784930023759272,0.2020334508429683
1603972745976464840,,1345,,1603972745,931154064,"""map_zed""",,,-2.608048696748646,-7.316275840253423,4.120535543924279,,-0.029704251926572726,-0.0322096811447987,0.9769277480198395,0.20902719681160645
1603972746042071464,,1346,,1603972745,997902064,"""map_zed""",,,-2.498617678100301,-7.216052956367476,4.155426920805875,,-0.029560681786286656,-0.03237672188885564,0.9763576505215774,0.21166873231549074
1603972746113899848,,1347,,1603972746,64653064,"""map_zed""",,,-2.516637339303196,-7.201417052046934,4.158257767597839,,-0.029316195748052522,-0.032609685732563995,0.9747514568431629,0.2189446652590942
1603972746176564776,,1348,,1603972746,131528064,"""map_zed""",,,-2.546050188266706,-7.188184429974154,4.1539520978839795,,-0.02867327357344903,-0.03314787794014132,0.9733913841845704,0.22491837356226316
1603972746244479656,,1349,,1603972746,198280064,"""map_zed""",,,-2.5670616032942317,-7.1802253029133585,4.15583450476628,,-0.030436415170008505,-0.032436955661295244,0.9721297008031018,0.23018538910082417
1603972746309789704,,1350,,1603972746,265033064,"""map_zed""",,,-2.591445787385707,-7.145244990307238,4.146955145824135,,-0.028482956573667385,-0.03331870930354504,0.9711481847637118,0.2344137112570764
1603972746378829128,,1351,,1603972746,331785064,"""map_zed""",,,-2.615057090226947,-7.131081392247636,4.148602661776192,,-0.02859391369971355,-0.033197292332042015,0.9703860615150571,0.23755256154891297
1603972746442541256,,1352,,1603972746,398528064,"""map_zed""",,,-2.639612019237672,-7.104261406719912,4.1556649491781705,,-0.028622300435964237,-0.03334888560238414,0.9705686313351076,0.23678080077389796
1603972746509885864,,1353,,1603972746,465412064,"""map_zed""",,,-2.6709538298565594,-7.092782643227129,4.148208166195631,,-0.029148488173862633,-0.03661173076034602,0.9698110465198224,0.23932505271290988
1603972746576554120,,1354,,1603972746,532156064,"""map_zed""",,,-2.6512907244115347,-7.125923262312059,4.148320731310238,,-0.03175471040129518,-0.036207587235041916,0.968062240937918,0.24604094509695543
1603972746644809864,,1355,,1603972746,598905064,"""map_zed""",,,-2.683641415198871,-7.094348889096667,4.130542113707467,,-0.028381283028475864,-0.034721013849530684,0.9676400019570166,0.24831790226148234
1603972746711375560,,1356,,1603972746,665654064,"""map_zed""",,,-2.715385971709868,-7.079044617922093,4.132564851110013,,-0.029207474825711777,-0.03600080975288351,0.9668808361718748,0.25098269612668195
1603972746776668200,,1357,,1603972746,732402064,"""map_zed""",,,-2.7375567986273017,-7.059396825027866,4.131868146835094,,-0.030717362986136962,-0.03635666821518015,0.9665533117015414,0.25201057899670043
1603972746844480936,,1358,,1603972746,799280064,"""map_zed""",,,-2.7623851858353574,-7.058935032083887,4.123208889984117,,-0.030709115609179858,-0.03600577616547008,0.965783351985742,0.2549961790466841
1603972746915696360,,1359,,1603972746,866029064,"""map_zed""",,,-2.7861312770826743,-7.045937706768438,4.11883333284114,,-0.030189891157451246,-0.034196250982238545,0.9654568671361055,0.2565389338685212
1603972746978323496,,1360,,1603972746,932777064,"""map_zed""",,,-2.922398144367542,-6.983800501192816,4.0887837551295485,,-0.027093835430035216,-0.036959898074628024,0.9652032943014456,0.2574538612754534
1603972747043226568,,1361,,1603972746,999528064,"""map_zed""",,,-2.9322919262394564,-6.98038689370747,4.090699079288286,,-0.028498123819055438,-0.03386543630293887,0.9645756905766789,0.2600667727936966
1603972747112847464,,1362,,1603972747,66278064,"""map_zed""",,,-2.95753619233603,-6.968449781292121,4.0870423985254165,,-0.026786576650378188,-0.03599418658605143,0.9641116151298036,0.2616786032811307
1603972747179552872,,1363,,1603972747,133154064,"""map_zed""",,,-2.9382064752682906,-6.985703933747245,4.091196306212295,,-0.029357846759105164,-0.03641850865490541,0.9638026334632471,0.26248103320112715
1603972747244991272,,1364,,1603972747,199906064,"""map_zed""",,,-2.9603850670192644,-6.972729653749163,4.0874658012383245,,-0.028122308278964833,-0.0368181138931905,0.9634003826357499,0.2640326968458674
1603972747312574376,,1365,,1603972747,266652064,"""map_zed""",,,-3.0031580955801593,-6.946824593931229,4.086954719038977,,-0.028140582355016538,-0.0366861413186587,0.9626196694942964,0.26688125929438955
1603972747380257192,,1366,,1603972747,333403064,"""map_zed""",,,-3.036811962054273,-6.924320255582652,4.085709338384778,,-0.0277424744600823,-0.03752585018230524,0.9624867753901737,0.2672851901582879
1603972747445507400,,1367,,1603972747,400157064,"""map_zed""",,,-3.156773132233264,-6.839848150158279,4.073667326933263,,-0.026917542624239416,-0.037492086953972964,0.9624107917907827,0.2676476361927127
1603972747512773160,,1368,,1603972747,467029064,"""map_zed""",,,-3.1494061709154835,-6.848327469578851,4.070207698828451,,-0.02628086275288952,-0.03644979309144911,0.9619567226736168,0.26948096878924244
1603972747579241096,,1369,,1603972747,533780064,"""map_zed""",,,-3.153728770657121,-6.847340126976717,4.070752069127899,,-0.026625882494760122,-0.03608845128305785,0.9621178385150759,0.2689199711372211
1603972747645381992,,1370,,1603972747,600527064,"""map_zed""",,,-3.17854439498906,-6.819326257438988,4.070308250832795,,-0.025791813414975513,-0.03612559763078119,0.9619615945118267,0.2695544736057071
1603972747711076936,,1371,,1603972747,667280064,"""map_zed""",,,-3.1794814913675222,-6.855444224285749,4.05778152598366,,-0.025242890283361675,-0.03550106052772997,0.9614392893539632,0.2715455101416613
1603972747778987080,,1372,,1603972747,734030064,"""map_zed""",,,-3.204810089472432,-6.847629897736039,4.05213857171533,,-0.026975330021850537,-0.03629760451766499,0.9609950204949301,0.2728431528560688
1603972747847014472,,1373,,1603972747,800902064,"""map_zed""",,,-3.2338052795104963,-6.829672143854875,4.0475431341229715,,-0.0261059290439907,-0.03787564468552131,0.9608787253265737,0.2731226669890018
1603972747912207400,,1374,,1603972747,867653064,"""map_zed""",,,-3.253640216604538,-6.81644108374894,4.046253901869463,,-0.025388864498598854,-0.036508820517094205,0.9609941725962022,0.2729701665385121
1603972747980125448,,1375,,1603972747,934403064,"""map_zed""",,,-3.282452330392548,-6.7978389646543365,4.046246964478035,,-0.02562081022707434,-0.035018864389709754,0.9607966965612116,0.2738374720472468
1603972748045402056,,1376,,1603972748,1155064,"""map_zed""",,,-3.27419025906676,-6.809711705813923,4.0475486885592895,,-0.02698830722434661,-0.03536564511788461,0.9607283547855567,0.27390131567701087
1603972748112259624,,1377,,1603972748,67905064,"""map_zed""",,,-3.2953406579017797,-6.797837059646796,4.048787600275068,,-0.026656367330582968,-0.03663858832608632,0.9605741065480935,0.2743071959601874
1603972748181862376,,1378,,1603972748,134652064,"""map_zed""",,,-3.322547303016505,-6.777577266224468,4.04558525838987,,-0.02546475542759133,-0.03624275558825194,0.9604923949005078,0.2747587455144428
1603972748246217928,,1379,,1603972748,201555064,"""map_zed""",,,-3.3524018704575296,-6.760419697115764,4.045164103840367,,-0.0250767600879323,-0.035432577286914166,0.9604509514519189,0.27504482984670464
1603972748314736520,,1380,,1603972748,268284064,"""map_zed""",,,-3.327556886123193,-6.753428443681884,4.0493831727474605,,-0.025498965432117594,-0.03718198416223475,0.9600130197993486,0.27630111225144666
1603972748378402408,,1381,,1603972748,335035064,"""map_zed""",,,-3.347175094118101,-6.736174209966909,4.047223314779441,,-0.024315597686789776,-0.03675390809796738,0.9599169570615858,0.27679836974643857
1603972748445423528,,1382,,1603972748,401778064,"""map_zed""",,,-3.3768208660681767,-6.713987018767612,4.04498683012905,,-0.023625572922908483,-0.034463412738127086,0.9598305135808783,0.2774517808297024
1603972748511902248,,1383,,1603972748,468537064,"""map_zed""",,,-3.3797329509310696,-6.71411663725388,4.045911008046957,,-0.02394072391689601,-0.03484567704089568,0.9601397129853586,0.27630481732733103
1603972748580015944,,1384,,1603972748,535403064,"""map_zed""",,,-3.3979385781591804,-6.707427938410322,4.047505965435665,,-0.025857880300981174,-0.03419690152348698,0.9596433487153125,0.27793269908197926
1603972748645262984,,1385,,1603972748,602154064,"""map_zed""",,,-3.424539487090166,-6.684950843818892,4.041032556764794,,-0.02326680647953855,-0.033795623927044556,0.9597466887487881,0.27785392737077175
1603972748712607016,,1386,,1603972748,668902064,"""map_zed""",,,-3.4405609536736557,-6.64801458337099,4.043437553081799,,-0.023560203267713634,-0.03410221586483193,0.9597932556148231,0.2776308019139651
1603972748779566504,,1387,,1603972748,735652064,"""map_zed""",,,-3.476725696573695,-6.6266059041398115,4.043455849695491,,-0.024700768943233527,-0.03748830596538787,0.9592826492024763,0.27885712805760804
1603972748845747400,,1388,,1603972748,802402064,"""map_zed""",,,-3.455010517846332,-6.657553918942969,4.0462269178859716,,-0.026033337178440474,-0.03695606938006899,0.9578510251225164,0.2836863196614772
1603972748914356936,,1389,,1603972748,869280064,"""map_zed""",,,-3.4739738596269087,-6.629195327699121,4.051027924287499,,-0.02472669539692513,-0.036221368759884,0.9578924420465278,0.28375812314372184
1603972748981514792,,1390,,1603972748,936028064,"""map_zed""",,,-3.5175048745725586,-6.604785136662763,4.046123390890359,,-0.02554742513963501,-0.03694659215882851,0.9573996966017481,0.28525094100364445
1603972749049466888,,1391,,1603972749,2776064,"""map_zed""",,,-3.5480961000785003,-6.587097576525352,4.049333462438441,,-0.027078983555505507,-0.03946724323707596,0.9572444951550553,0.28529290537307356
1603972749114272936,,1392,,1603972749,69528064,"""map_zed""",,,-3.563790020974146,-6.568784355058256,4.054990924614653,,-0.026623922627900698,-0.039319715354833674,0.9572170123811036,0.28544827541344975
1603972749180534248,,1393,,1603972749,136281064,"""map_zed""",,,-3.5852448714535132,-6.559909954362995,4.051807887018589,,-0.025474994602287974,-0.039569048873906006,0.9566315718520964,0.2874740871052819
1603972749247216872,,1394,,1603972749,203158064,"""map_zed""",,,-3.608902003272126,-6.541972613455631,4.049844108165839,,-0.028076171672854613,-0.03973815189003137,0.9562873175433937,0.2883525171976512
1603972749380999656,,1395,,1603972749,336653064,"""map_zed""",,,-3.6283645554844517,-6.532088688944203,4.04251360911284,,-0.02675540715378997,-0.03972971394993067,0.9558099997591054,0.29005679164258613
1603972749446817256,,1396,,1603972749,403403064,"""map_zed""",,,-3.672456359486886,-6.551814318121517,4.038201860323913,,-0.02763942441734435,-0.04149905963080668,0.9550203081145068,0.29231849301149143
1603972749514592392,,1397,,1603972749,470156064,"""map_zed""",,,-3.6955875513712875,-6.539659733689596,4.039659107161762,,-0.028909023622830855,-0.041924710985699824,0.9548911972921907,0.29255664117539126
1603972749580897256,,1398,,1603972749,537031064,"""map_zed""",,,-3.721018109928072,-6.521103677576152,4.038207216053272,,-0.02971553542120572,-0.04088827376915824,0.9550076487513769,0.2922422400153271
1603972749650580136,,1399,,1603972749,603796064,"""map_zed""",,,-3.7345437455731814,-6.5146463715043215,4.030363340962497,,-0.0276237857324381,-0.0397000723632898,0.9542899156913045,0.29494336325138876
1603972749717931464,,1400,,1603972749,670528064,"""map_zed""",,,-3.7559170542119515,-6.505436548824641,4.03494911899549,,-0.02827212719232822,-0.04131949241470178,0.9539677318412795,0.2957007828468112
1603972749783210408,,1401,,1603972749,737281064,"""map_zed""",,,-3.7794607197212104,-6.487652845709494,4.0265515216959,,-0.026576308264823968,-0.041136972190227154,0.953989674935526,0.29581269322739173
1603972749847546344,,1402,,1603972749,804030064,"""map_zed""",,,-3.8232375642508405,-6.474917295448225,4.029247744340638,,-0.029349978754512663,-0.03992819005820848,0.953638366400043,0.29684707260750054
1603972749918231752,,1403,,1603972749,870901064,"""map_zed""",,,-3.8473899797778,-6.459458272616453,4.021874747450038,,-0.028816351894422904,-0.041089129027094065,0.9533502534750474,0.2976652407291694
1603972749981800968,,1404,,1603972749,937656064,"""map_zed""",,,-3.877864982694199,-6.436432543708845,4.016222926613695,,-0.027472329583440147,-0.042577172516501456,0.9533929590975629,0.29744633302656714
1603972750046914760,,1405,,1603972750,4401064,"""map_zed""",,,-3.94526479019348,-6.414489334284197,4.002692768898583,,-0.02743134926867403,-0.0407243124045465,0.953011127831888,0.2989294928324567
1603972750115998248,,1406,,1603972750,71153064,"""map_zed""",,,-3.974927954880894,-6.39886034352232,4.006423444291876,,-0.02946095466379701,-0.040209709577906656,0.9525696989634094,0.3002102596893015
1603972750182726184,,1407,,1603972750,137905064,"""map_zed""",,,-3.996391553968237,-6.385366001110016,4.003139604798812,,-0.029301706562363704,-0.04100236277181782,0.9526094152987639,0.2999925301133492
1603972750250176040,,1408,,1603972750,204664064,"""map_zed""",,,-4.019024753823929,-6.3683028597267475,3.9994894173901625,,-0.029165354282807563,-0.04009986759128811,0.952559373372424,0.30028656801304726
1603972750318033544,,1409,,1603972750,271529064,"""map_zed""",,,-4.041635628127118,-6.350831390228016,3.999791480634341,,-0.02810720446478564,-0.04140667753088238,0.9525835230362166,0.30013347656157563
1603972750382812200,,1410,,1603972750,338279064,"""map_zed""",,,-4.064815436481172,-6.331691116845609,3.9965116539556607,,-0.028705216347528952,-0.039693880001127266,0.9525157611260247,0.30052309603657335
1603972750450185032,,1411,,1603972750,405026064,"""map_zed""",,,-4.096718127434438,-6.319394712722,3.996972915471945,,-0.02948623536035641,-0.041625797930951024,0.9521569055314774,0.3013222230762386
1603972750520133768,,1412,,1603972750,471777064,"""map_zed""",,,-4.125718274809853,-6.2981198060511865,3.993040727364532,,-0.029122917997071087,-0.04146115998954315,0.9516686532934946,0.3029184745079174
1603972750582331176,,1413,,1603972750,538530064,"""map_zed""",,,-4.174343129101694,-6.255275827493286,3.993020169210763,,-0.029129568052988723,-0.04086111052491801,0.9513935304855331,0.30386212014989555
1603972750649828360,,1414,,1603972750,605402064,"""map_zed""",,,-4.203149035825018,-6.2356396913385055,3.991199159108769,,-0.028481909524786134,-0.039878710431728935,0.9509535271457424,0.3054273375014029
1603972750717021512,,1415,,1603972750,672156064,"""map_zed""",,,-4.221948127578509,-6.222728956731467,3.991739651733561,,-0.029745606213350675,-0.041734657491090746,0.9509561500552411,0.3050505170413833
1603972750783547976,,1416,,1603972750,738920064,"""map_zed""",,,-4.242609641857301,-6.206417681674483,3.9894876860480113,,-0.0286579390438037,-0.04233781212692035,0.9507622638777967,0.3056752357977888
1603972750848890824,,1417,,1603972750,805655064,"""map_zed""",,,-4.229916441492067,-6.216504290820571,3.991902707270647,,-0.02847222959214257,-0.0399306152288003,0.9507236398494021,0.3061363074530793
1603972750915656744,,1418,,1603972750,872403064,"""map_zed""",,,-4.25102306989312,-6.207615339621005,3.9938764602379497,,-0.029618092567419128,-0.040806190124752124,0.9501649361430454,0.3076430034381621
1603972750983888232,,1419,,1603972750,939280064,"""map_zed""",,,-4.259232284386916,-6.2045762879427855,3.9933504747807165,,-0.030800689616271373,-0.040667557024348544,0.9498520083868046,0.30851033935410843
1603972751050902696,,1420,,1603972751,6027064,"""map_zed""",,,-4.279522323470304,-6.184626004521688,3.9889055696153024,,-0.029600225313402773,-0.041855346304565215,0.9496951675001042,0.30895152609118115
1603972751121200520,,1421,,1603972751,72778064,"""map_zed""",,,-4.283378514424344,-6.1836086204189895,3.9884345753893498,,-0.028756562916138706,-0.03913567255452022,0.9492327072489463,0.3108033569828224
1603972751183431752,,1422,,1603972751,139533064,"""map_zed""",,,-4.320145189039787,-6.153209507120287,3.990784219612447,,-0.029679407807759427,-0.04100418023236216,0.9483887992945705,0.31304388722390925
1603972751251201768,,1423,,1603972751,206279064,"""map_zed""",,,-4.342455604774241,-6.139795566428782,3.9929756652491872,,-0.032209449067825933,-0.04144498404292763,0.9479082389044337,0.3141891712098362
1603972751317961672,,1424,,1603972751,273157064,"""map_zed""",,,-4.352013284679055,-6.130887201168667,3.9884587539755803,,-0.029918685123730884,-0.040531573892988296,0.9476860618844875,0.3152034135413124
1603972751384066792,,1425,,1603972751,339904064,"""map_zed""",,,-4.367937789741682,-6.11704009913167,3.9877377318084966,,-0.030045915574708003,-0.040017843485782634,0.947135692538639,0.316906603085795
1603972751449665768,,1426,,1603972751,406653064,"""map_zed""",,,-4.395869444658661,-6.0988650389931465,3.990621286440576,,-0.03072245709190601,-0.040130884812467946,0.9467528186547054,0.31796972038823895
1603972751519411688,,1427,,1603972751,473403064,"""map_zed""",,,-4.429152259689077,-6.074156846237944,3.9872323982331457,,-0.031029399383495672,-0.03949686872036613,0.9459887712234885,0.32028490200797777
1603972751584476648,,1428,,1603972751,540154064,"""map_zed""",,,-4.434119764090139,-6.073781051610887,3.987773266278714,,-0.030705962547019596,-0.03982879622104719,0.9451695747388068,0.3226844989207049
1603972751651252904,,1429,,1603972751,607027064,"""map_zed""",,,-4.451279011009951,-6.062965298194098,3.985922216612441,,-0.030360927275459682,-0.041848225493491834,0.9445378598956847,0.32430721752945924
1603972751720191336,,1430,,1603972751,673778064,"""map_zed""",,,-4.470623400701966,-6.0448125330570015,3.98512776863089,,-0.03006822470041968,-0.040780436796122435,0.9439919717925811,0.32605523309592416
1603972751783491752,,1431,,1603972751,740528064,"""map_zed""",,,-4.484979452858233,-6.036581801602751,3.987548673381427,,-0.03213093828567066,-0.040733639483438916,0.943503149106689,0.32727691798395564
1603972751850983656,,1432,,1603972751,807276064,"""map_zed""",,,-4.497890293446143,-6.025530322828074,3.988499007441601,,-0.03234126090353062,-0.04193146211400744,0.9425934681540216,0.32971707435546116
1603972751918706280,,1433,,1603972751,874026064,"""map_zed""",,,-4.517263268647046,-6.01070080661997,3.980393001411368,,-0.02952184115431354,-0.042916003030972656,0.9415424338075936,0.3328430905372352
1603972751984872264,,1434,,1603972751,940908064,"""map_zed""",,,-4.522054633963522,-6.004221087935862,3.986215946894701,,-0.03223234092555207,-0.041550197352176355,0.9413162615971717,0.33340418856273984
1603972752051575368,,1435,,1603972752,7653064,"""map_zed""",,,-4.543194761021474,-5.9900113690406265,3.985866912307291,,-0.031566449832975504,-0.04241166441610693,0.9406165874925183,0.3353285632038039
1603972752120832712,,1436,,1603972752,74405064,"""map_zed""",,,-4.5692541206375274,-5.965995941585518,3.9819818209319973,,-0.03197147015435649,-0.04374087688479518,0.9399880356880636,0.33687839578817474
1603972752187312136,,1437,,1603972752,141154064,"""map_zed""",,,-4.584188228894907,-5.953179826277392,3.9857913344404254,,-0.0341666044706705,-0.04261705303074347,0.9378016643277639,0.342847587586665
1603972752253010664,,1438,,1603972752,207903064,"""map_zed""",,,-4.618369658374635,-5.922821302741226,3.9788713325226115,,-0.03172889017098954,-0.044519030087843615,0.9362556449800843,0.3470399123032988
1603972752320587144,,1439,,1603972752,274659064,"""map_zed""",,,-4.645129370637288,-5.9059058120318575,3.9829296985143494,,-0.032460376536472796,-0.04345960158808363,0.9345915889448626,0.3515624394875433
1603972752386183496,,1440,,1603972752,341527064,"""map_zed""",,,-4.666475885840934,-5.886460923636659,3.983374348124882,,-0.03335871674201302,-0.04545050287074656,0.934077000343854,0.3525926902741324
1603972752451333416,,1441,,1603972752,408269064,"""map_zed""",,,-4.672651428857973,-5.874302301305578,3.9790888037297565,,-0.03265557822796371,-0.042895689766032544,0.9324721728635804,0.357196332351225
1603972752520365800,,1442,,1603972752,475030064,"""map_zed""",,,-4.713342223130084,-5.847232668844626,3.9769757364565406,,-0.03417184009490522,-0.046636293279659034,0.9305090793314439,0.36167692043509025
1603972752585917736,,1443,,1603972752,541780064,"""map_zed""",,,-4.717858192761823,-5.841949881266555,3.9775582342248827,,-0.03457801682609718,-0.045858974088269756,0.92871973040023,0.36630721752822387
1603972752654633032,,1444,,1603972752,608528064,"""map_zed""",,,-4.737808060571151,-5.820896874312198,3.972844254258982,,-0.032273691487966535,-0.04700959150901796,0.9275019266680282,0.3694437483176438
1603972752720023624,,1445,,1603972752,675405064,"""map_zed""",,,-4.767138323449698,-5.79604556263413,3.973329987678567,,-0.03306168008958628,-0.04670462102266744,0.9257974206940901,0.37366393928362
1603972752785131336,,1446,,1603972752,742153064,"""map_zed""",,,-4.778978566770302,-5.785247501343276,3.9731977658645015,,-0.03272873225770836,-0.047933393142746535,0.925464051766961,0.3743628036994407
1603972752852245352,,1447,,1603972752,808903064,"""map_zed""",,,-4.7931816354383745,-5.768372879211238,3.9730410134141225,,-0.03442858736446558,-0.04661503579036498,0.9246799494205887,0.37630931685235686
1603972752987397704,,1448,,1603972752,942403064,"""map_zed""",,,-4.836667433924966,-5.723163505508675,3.967291762013415,,-0.033171471308500705,-0.050427895191595344,0.9221438793371474,0.38210907693852464
1603972753054150376,,1449,,1603972753,9288064,"""map_zed""",,,-4.84138361528219,-5.7086483318322045,3.966821116768505,,-0.03117098261804975,-0.04725130237081456,0.9214216396986413,0.38441884210058497
1603972753122834696,,1450,,1603972753,76030064,"""map_zed""",,,-4.879610672226906,-5.675121381345439,3.964294174758071,,-0.031003937573492134,-0.04981620681789571,0.9198672308411076,0.3878161665247186
1603972753187454376,,1451,,1603972753,142787064,"""map_zed""",,,-4.907264469644252,-5.644271966873235,3.9661838919402177,,-0.031054121120138868,-0.048674379499146894,0.9185187400798763,0.39113906793352327
1603972753254655784,,1452,,1603972753,209530064,"""map_zed""",,,-4.926135527131399,-5.623364766484206,3.9667179492432663,,-0.0320745426200124,-0.04833938447630454,0.9169759659346164,0.3947019198362814
1603972753321909416,,1453,,1603972753,276279064,"""map_zed""",,,-4.947508588001738,-5.598907034182953,3.9724808039098725,,-0.03401558871346948,-0.048571102679719286,0.9151287146415896,0.39877716001218555
1603972753389213640,,1454,,1603972753,343154064,"""map_zed""",,,-5.010374007919766,-5.544757928938267,3.9494739270212924,,-0.03013159253120062,-0.053276805196170375,0.9124448020489729,0.4045962831928065
1603972753455028488,,1455,,1603972753,409901064,"""map_zed""",,,-5.031883423661585,-5.515037769952812,3.957222323431749,,-0.031049081165311708,-0.05198590308362513,0.9104536510688868,0.40915470142075094
1603972753520739272,,1456,,1603972753,476653064,"""map_zed""",,,-5.041699453389184,-5.505116712601041,3.9536319019520274,,-0.029727317828003058,-0.051842530085597985,0.9094889893157114,0.4114102781440475
1603972753588694344,,1457,,1603972753,543420064,"""map_zed""",,,-5.042547841351698,-5.490646535931249,3.9552790689011292,,-0.030084325562175454,-0.05012112266613977,0.9094950759455069,0.41158415087200756
1603972753653558248,,1458,,1603972753,610154064,"""map_zed""",,,-5.061834249725407,-5.468705206150621,3.9605855627596216,,-0.031760103170429536,-0.0540754929951937,0.9075098396563175,0.4153227995558339
1603972753722451848,,1459,,1603972753,677029064,"""map_zed""",,,-5.036176381254439,-5.51416978466749,3.966230088557742,,-0.03118651534581332,-0.051257904422461704,0.9041231239941778,0.4230383022302021
1603972753856839272,,1460,,1603972753,810534064,"""map_zed""",,,-5.0468572960404225,-5.483625377777004,3.959523067118215,,-0.029500633922144488,-0.05485142477450837,0.9022841589344566,0.4266196553539681
1603972753923715208,,1461,,1603972753,877280064,"""map_zed""",,,-5.087305631757788,-5.435525035759375,3.955550372603654,,-0.028527650433894193,-0.05501431493532305,0.900864822240921,0.42965354689767477
1603972753988646088,,1462,,1603972753,944028064,"""map_zed""",,,-5.103170696741349,-5.41520456097878,3.9535048713299794,,-0.02776314704839222,-0.0548529180695879,0.8995515153891372,0.4324666879729898
1603972754055417160,,1463,,1603972754,10903064,"""map_zed""",,,-5.101749487310643,-5.407987770633511,3.953471542142935,,-0.027947971417263708,-0.05473407322669618,0.8997019471380845,0.4321567984396564
1603972754189425032,,1464,,1603972754,144403064,"""map_zed""",,,-5.114312804962839,-5.372597504132827,3.952842546569865,,-0.02907478034351549,-0.054955236047710444,0.8981870916359536,0.43519481568311896
1603972754255874824,,1465,,1603972754,211153064,"""map_zed""",,,-5.144643598462562,-5.348382607224233,3.9435508415681464,,-0.02737043924739723,-0.053221395945015626,0.8979272051180028,0.4360562766180994
1603972754321580104,,1466,,1603972754,277904064,"""map_zed""",,,-5.160098519008515,-5.322356620144448,3.9417863845806638,,-0.026085942617185567,-0.05229299069498261,0.8974441163833453,0.4372402368159455
1603972754388059144,,1467,,1603972754,344778064,"""map_zed""",,,-5.139682882494681,-5.335308516495844,3.949931617555984,,-0.029187825944759622,-0.05315149485335479,0.8975697603600183,0.4366823956821839
1603972754455505128,,1468,,1603972754,411529064,"""map_zed""",,,-5.144163343778418,-5.319629321822927,3.9424106196471262,,-0.027737910668325108,-0.05449998896750248,0.8966228009171967,0.43855206348813275
1603972754523021256,,1469,,1603972754,478279064,"""map_zed""",,,-5.144798984370896,-5.312547416157188,3.9457403352661267,,-0.02785317298222926,-0.052678962649234204,0.896055840438355,0.4399239234973884
1603972754589681000,,1470,,1603972754,545029064,"""map_zed""",,,-5.179920987568259,-5.297798396117838,3.940237979108884,,-0.027438408192861745,-0.054251567377543636,0.8956582090231504,0.4405681261761502
1603972754656130088,,1471,,1603972754,611780064,"""map_zed""",,,-5.210181669886617,-5.267255604756388,3.9419046157702504,,-0.029156667671594926,-0.05717296812068875,0.8941582902413295,0.4431276254526016
1603972754726721960,,1472,,1603972754,678536064,"""map_zed""",,,-5.218927638921833,-5.24693982222004,3.935837054487054,,-0.028025705685889617,-0.05528019804013511,0.8933236700510911,0.4451196244290972
1603972754789648136,,1473,,1603972754,745402064,"""map_zed""",,,-5.238451009141806,-5.2203325640906755,3.9366749024327903,,-0.02651821310870585,-0.05595868926645126,0.8924606603105577,0.44685498684376945
1603972754855506760,,1474,,1603972754,812154064,"""map_zed""",,,-5.235385510259239,-5.214926905119533,3.9368164137468704,,-0.02690785156331263,-0.055422610800884085,0.892603683575888,0.4466127694132987
1603972754924073704,,1475,,1603972754,878906064,"""map_zed""",,,-5.247231378936199,-5.204770804311798,3.9366846013784644,,-0.02764400845406209,-0.05652830761202629,0.8918327111192695,0.4479673811928337
1603972754989522984,,1476,,1603972754,945655064,"""map_zed""",,,-5.22093889464534,-5.208565744310915,3.93794664477419,,-0.028402013319698292,-0.05369193034206133,0.8922775863021437,0.4473826228614067
1603972755058727848,,1477,,1603972755,12402064,"""map_zed""",,,-5.251059272067341,-5.181411143218441,3.935079609253975,,-0.0270825575581971,-0.05908972143675699,0.89072813738626,0.4498647854245064
1603972755126373672,,1478,,1603972755,79283064,"""map_zed""",,,-5.242378696652874,-5.1878781891762396,3.9369486196718544,,-0.027752946628799947,-0.057939047951587046,0.8893382410386322,0.45271440633383264
1603972755190795208,,1479,,1603972755,146032064,"""map_zed""",,,-5.272638348350617,-5.165224059609122,3.9380231037998015,,-0.029597458632283406,-0.060730321796936146,0.8880248409993333,0.4548051233496162
1603972755256754984,,1480,,1603972755,212778064,"""map_zed""",,,-5.206496381742473,-5.233357957909293,3.938418343066023,,-0.03158178488498723,-0.05802462876572543,0.885987204103805,0.4589797462681775
1603972755325112392,,1481,,1603972755,279528064,"""map_zed""",,,-5.241366774203372,-5.2096077156265865,3.9434429944602383,,-0.031143006621025284,-0.0601555271241699,0.8847570017497197,0.46110353886070166
1603972755390047528,,1482,,1603972755,346284064,"""map_zed""",,,-5.260267554591371,-5.198802795573813,3.9371435912261745,,-0.03153740370935053,-0.05982828012092533,0.883283412770575,0.4639357517904949
1603972755456347336,,1483,,1603972755,413157064,"""map_zed""",,,-5.273366063943232,-5.17191259836283,3.940856471112817,,-0.030918025918826485,-0.05979401908740434,0.8834803579243232,0.4636067386444761
1603972755527483208,,1484,,1603972755,479905064,"""map_zed""",,,-5.297878832400044,-5.156724149496717,3.9401199227278103,,-0.03179175762935315,-0.05788668960477638,0.8818162038446993,0.4669460332312082
1603972755592276616,,1485,,1603972755,546651064,"""map_zed""",,,-5.324532116900975,-5.124147088757197,3.93621776624508,,-0.031097517338748493,-0.06186195646204426,0.8801609538467579,0.4695984860299487
1603972755656766248,,1486,,1603972755,613404064,"""map_zed""",,,-5.334587010937154,-5.112465244491612,3.9342025905486513,,-0.03162445889460884,-0.06118183242295245,0.879789058967026,0.4703486884247766
1603972755725949352,,1487,,1603972755,680153064,"""map_zed""",,,-5.339569873634585,-5.090817844001153,3.9360445860500937,,-0.03093946803101494,-0.06008637847929943,0.8799892885724234,0.4701608537904878
1603972755792084616,,1488,,1603972755,747029064,"""map_zed""",,,-5.300880193285537,-5.133955237814845,3.9445776239833457,,-0.03286277049014823,-0.05921693372383344,0.8774217150288088,0.4749152841001885
1603972755857262824,,1489,,1603972755,813778064,"""map_zed""",,,-5.298300426695761,-5.1321124820644615,3.945103467383106,,-0.03214067675002554,-0.058451035616019914,0.8773024901470019,0.47527970092918403
1603972755926846248,,1490,,1603972755,880526064,"""map_zed""",,,-5.2924810142105425,-5.1313760837985445,3.9474119427971734,,-0.03240938040150667,-0.05697402231502098,0.8774881168003807,0.4750980927317636
1603972755990784648,,1491,,1603972755,947282064,"""map_zed""",,,-5.303533000459708,-5.112166830410739,3.951337097440532,,-0.03454093685776531,-0.05740615437240852,0.8770981559735408,0.4756156871981552
1603972756057768520,,1492,,1603972756,14026064,"""map_zed""",,,-5.303455582537401,-5.109026696816188,3.9507591565360562,,-0.032993780278738574,-0.05867177548946408,0.8757620903039438,0.4780269808392609
1603972756125342856,,1493,,1603972756,80906064,"""map_zed""",,,-5.3141139487086635,-5.0879350914133585,3.9544282435751446,,-0.03376386430612641,-0.057018077096956436,0.8755859437353641,0.47849576328775867
1603972756192189704,,1494,,1603972756,147656064,"""map_zed""",,,-5.303178834626563,-5.089144062226005,3.955012961217504,,-0.03223141616253379,-0.056668109504863326,0.8760964764248151,0.47770788686531596
1603972756258101512,,1495,,1603972756,214401064,"""map_zed""",,,-5.309566548896158,-5.080944145478389,3.95362019807071,,-0.034079488387104485,-0.05715993795217106,0.8752175574737976,0.47913000016089274
1603972756327624456,,1496,,1603972756,281153064,"""map_zed""",,,-5.338702854817785,-5.037102172222731,3.9511369597992214,,-0.03376739480702892,-0.05920183673593589,0.8750849984397311,0.47914627315755437
1603972756392337064,,1497,,1603972756,347903064,"""map_zed""",,,-5.344585749189325,-5.025185158012479,3.9508686643508955,,-0.03356933595469291,-0.0573644750114031,0.8741925959295999,0.4810090663512431
1603972756459736136,,1498,,1603972756,414780064,"""map_zed""",,,-5.396607981355743,-4.9772190134190275,3.9438517424769235,,-0.032105885204097385,-0.058820031139996926,0.8741323285978821,0.48104270930136284
1603972756528022184,,1499,,1603972756,481543064,"""map_zed""",,,-5.4164446818288425,-4.959723034854256,3.951486826704348,,-0.034350597429284015,-0.05896021607831751,0.873127547052272,0.4826924651936591
1603972756593569224,,1500,,1603972756,548282064,"""map_zed""",,,-5.4216504404667,-4.945034605433558,3.9505321202137686,,-0.03429936942224684,-0.05934939823088311,0.872480499476546,0.48381709376584137
1603972756661351976,,1501,,1603972756,615027064,"""map_zed""",,,-5.426513783107293,-4.92880275493709,3.9509797017059958,,-0.03385861610807633,-0.05785553192022062,0.872469609247029,0.4840486674724051
1603972756727686312,,1502,,1603972756,681794064,"""map_zed""",,,-5.432911468371797,-4.909088221081002,3.949072141112259,,-0.03267040444099324,-0.057775891749559063,0.8723449621310091,0.4843643856136133
1603972756793815080,,1503,,1603972756,748526064,"""map_zed""",,,-5.437227439376423,-4.901389509246988,3.949619664560552,,-0.03469331979524553,-0.05874981806492988,0.8711235038854491,0.486301011120952
1603972756860193000,,1504,,1603972756,815405064,"""map_zed""",,,-5.450819144254066,-4.876819415812482,3.948784323024886,,-0.034327595955880544,-0.06142077883406416,0.8708442330304244,0.4864970975051739
1603972756927521928,,1505,,1603972756,882151064,"""map_zed""",,,-5.412277163472978,-4.916830301123531,3.954833929172101,,-0.034425991170733215,-0.05950085585795316,0.869475151827317,0.48917017451899897
1603972756992349768,,1506,,1603972756,948903064,"""map_zed""",,,-5.450927953264183,-4.924584630086745,3.946782558018032,,-0.03543299718815041,-0.06086940163250916,0.8678518908624634,0.4918053620911547
1603972757060408104,,1507,,1603972757,15654064,"""map_zed""",,,-5.453431529898349,-4.913794204142839,3.944305471498659,,-0.034296324198738896,-0.06165251496097817,0.8677422458759451,0.49198183326990075
1603972757127235240,,1508,,1603972757,82405064,"""map_zed""",,,-5.434424065716331,-4.924445885626964,3.9518243509969655,,-0.03544393193399593,-0.060548227478517694,0.868142071227005,0.49133184712977207
1603972757195903880,,1509,,1603972757,149278064,"""map_zed""",,,-5.428281666411033,-4.924157617108296,3.953350536306419,,-0.03543720495568526,-0.060401374336363126,0.8673994788865508,0.49266014909930306
1603972757258999368,,1510,,1603972757,216027064,"""map_zed""",,,-5.436844548185708,-4.901559391202531,3.9531529962018377,,-0.03735870222511647,-0.06112225516675953,0.8671353690545326,0.4928941560071943
1603972757327004616,,1511,,1603972757,282776064,"""map_zed""",,,-5.429149291665004,-4.880156651527414,3.9513325739763636,,-0.036088661774031076,-0.06232212728180965,0.8671291214389307,0.49284951830652907
1603972757393735784,,1512,,1603972757,349529064,"""map_zed""",,,-5.437854092909737,-4.854445021353849,3.9521643091531518,,-0.03676242353012018,-0.0622333544168525,0.867229574197953,0.4926341436103018
1603972757460266568,,1513,,1603972757,416280064,"""map_zed""",,,-5.419545349579047,-4.864194497523954,3.9529840578527766,,-0.03556124120192599,-0.061727758483840524,0.8670341966688019,0.4931295811078712
1603972757527168936,,1514,,1603972757,483153064,"""map_zed""",,,-5.424497235229339,-4.847479902765849,3.952537730023597,,-0.03732717852806061,-0.061747309987488834,0.8672235772003143,0.4926633927950541
1603972757595133576,,1515,,1603972757,549902064,"""map_zed""",,,-5.43904669101849,-4.82093921334121,3.950047204822363,,-0.03716855487115462,-0.062184490112007176,0.867646930488711,0.4918743658006764
1603972757661878280,,1516,,1603972757,616653064,"""map_zed""",,,-5.444694322540678,-4.803921477348747,3.940375304023072,,0.011508324134117339,0.009923047343509255,0.8697353564117133,0.4932844021600852
1603972757730323944,,1517,,1603972757,683402064,"""map_zed""",,,-5.4523260687520825,-4.779297410049679,3.9425148617816905,,0.011305846238262194,0.011434933134632458,0.8700518580668568,0.4926978632178683
1603972757795517032,,1518,,1603972757,750151064,"""map_zed""",,,-5.4692360424483715,-4.754667929123481,3.9376029833084005,,0.011739712498341555,0.008973621053508752,0.870066127799775,0.4927134933520188
1603972757862616488,,1519,,1603972757,817032064,"""map_zed""",,,-5.476484658800411,-4.734903792775366,3.9377592992700765,,0.011775831519607465,0.010541249843665923,0.870240079543485,0.49237426394959355
1603972757927091880,,1520,,1603972757,883783064,"""map_zed""",,,-5.5036524010678916,-4.719874296799383,3.93596346514612,,0.012738667427055608,0.00854928046368419,0.8696604370089223,0.49341195816192635
1603972757994544616,,1521,,1603972757,950528064,"""map_zed""",,,-5.508008940038377,-4.7039980280271605,3.9379236679551197,,0.011110409947817734,0.010544077354271618,0.8702033643464203,0.4924545521200002
1603972758061046696,,1522,,1603972758,17277064,"""map_zed""",,,-5.499062957855641,-4.70537611915889,3.938643726184106,,0.01209420591528251,0.008698741455898268,0.8711143022494586,0.49085429049444085
1603972758127028808,,1523,,1603972758,84028064,"""map_zed""",,,-5.483507157357883,-4.694620878568186,3.9416069200402846,,0.011529668420491947,0.009704398148024911,0.8718432328836067,0.489553131618785
1603972758196283144,,1524,,1603972758,150905064,"""map_zed""",,,-5.4855760878476,-4.669321509855241,3.9349506761392257,,0.011959776103877075,0.009499548792671935,0.8731391299633473,0.48723175394788226
1603972758264156072,,1525,,1603972758,217652064,"""map_zed""",,,-5.466720442467318,-4.6814147252215195,3.9357486923843887,,0.011579319952302592,0.008894395173515765,0.8748030751376976,0.4842585970466268
1603972758329597672,,1526,,1603972758,284403064,"""map_zed""",,,-5.467439000465272,-4.671222295442783,3.9350928905749347,,0.012038633577522315,0.010527813182035254,0.876253928400193,0.48158414572576996
1603972758396239720,,1527,,1603972758,351152064,"""map_zed""",,,-5.474901448878466,-4.659562019900818,3.933673884810756,,0.012386979175936856,0.007844857643991796,0.8783583386283795,0.477777824848991
1603972758463891880,,1528,,1603972758,417902064,"""map_zed""",,,-5.487096130593974,-4.636822053274059,3.9327974066249047,,0.011607596583139587,0.007676854219296057,0.8798361369406872,0.47507336459135124
1603972758529547400,,1529,,1603972758,484778064,"""map_zed""",,,-5.497363644984993,-4.615464678137783,3.936007766254945,,0.010827849485541963,0.008854095714858127,0.8812622915293635,0.4724205078031705
1603972758596629992,,1530,,1603972758,551529064,"""map_zed""",,,-5.495614522398083,-4.6142556716101275,3.9355810614163147,,0.011423851722715553,0.00797297644363412,0.8826210180405261,0.4698787777411872
1603972758662193992,,1531,,1603972758,618279064,"""map_zed""",,,-5.507529226395859,-4.596548931496509,3.9352056528187105,,0.0109931083989587,0.007586058864362163,0.8840968210340675,0.4671128496585072
1603972758728124616,,1532,,1603972758,685028064,"""map_zed""",,,-5.466990840133003,-4.636255228899146,3.939039755025487,,0.010090571583168706,0.010441115803806661,0.8853423976497349,0.4647128171136612
1603972758795723304,,1533,,1603972758,751790064,"""map_zed""",,,-5.478780903827622,-4.620013339208436,3.937121499546258,,0.009662850517231288,0.008252169729633862,0.8867143765902117,0.4621429923333982
1603972758864522632,,1534,,1603972758,818534064,"""map_zed""",,,-5.493179325737691,-4.595855840952735,3.937064002869734,,0.010470332040625235,0.009037326430219981,0.8883034921280766,0.4590485864818851
1603972758928708072,,1535,,1603972758,885404064,"""map_zed""",,,-5.5003353644913044,-4.582128334359342,3.9338072401373214,,0.010133306663212277,0.008024208380193586,0.8892343787198027,0.457269229096762
1603972758994796904,,1536,,1603972758,952154064,"""map_zed""",,,-5.503064276919104,-4.576404678641663,3.9342784894968594,,0.010356570722077466,0.008549280570365785,0.8897262921680346,0.4562968072094402
1603972759062668072,,1537,,1603972759,18908064,"""map_zed""",,,-5.516947998642663,-4.554379236641158,3.9322513857433568,,0.011282097786230752,0.008301679220077402,0.8904911467518387,0.45478490954325224
1603972759129265768,,1538,,1603972759,85656064,"""map_zed""",,,-5.5312821642577665,-4.532702206157684,3.932948473624296,,0.009794574390105665,0.007836305663697302,0.8910039808134333,0.45382217310382345
1603972759196045320,,1539,,1603972759,152404064,"""map_zed""",,,-5.546126996061749,-4.5121721534892565,3.9315158162925745,,0.009923047320707161,0.0071314558848092,0.8916927517293719,0.45247620045935555
1603972759263699592,,1540,,1603972759,219281064,"""map_zed""",,,-5.563661319820472,-4.489444699015851,3.932732295128118,,0.010667017899535051,0.007762750784273724,0.891826589974055,0.45218501505981074
1603972759330478440,,1541,,1603972759,286028064,"""map_zed""",,,-5.576027542026664,-4.47058858293902,3.9292701952610933,,0.010121535373934303,0.006190782329769961,0.8928797125148739,0.45013892046253445
1603972759396061800,,1542,,1603972759,352777064,"""map_zed""",,,-5.595913977064789,-4.4506197592933106,3.931838259753574,,0.009232261248081184,0.00556726289856502,0.8937626510050978,0.4484106316808347
1603972759463999880,,1543,,1603972759,419527064,"""map_zed""",,,-5.582870538405298,-4.4539376245886935,3.9345421845309025,,0.008296292285134736,0.008085257383441633,0.894340575813368,0.4472367768880108
1603972759531200840,,1544,,1603972759,486279064,"""map_zed""",,,-5.594493346797898,-4.434744097540687,3.9338926995942622,,0.008131202498760117,0.007928934132027363,0.8949011771643468,0.44611982544975587
1603972759601207304,,1545,,1603972759,553159064,"""map_zed""",,,-5.610915157109762,-4.4142580582861015,3.9299304257282888,,0.009041447066866897,0.006548705419849607,0.8957120651783942,0.44449439027519483
1603972759665120648,,1546,,1603972759,619902064,"""map_zed""",,,-5.607718160826107,-4.407989334369182,3.9314606934916885,,0.007587040802947141,0.008271108412435791,0.896983388446381,0.44192174242588794
1603972759730197192,,1547,,1603972759,686654064,"""map_zed""",,,-5.620051149002181,-4.390365934226409,3.9361876445426436,,0.0067249552282262984,0.006907496773398363,0.8978690719431164,0.44015700734341473
1603972759799164456,,1548,,1603972759,753405064,"""map_zed""",,,-5.63168597040665,-4.357638736875513,3.932605384954404,,0.007044208139542388,0.0071606490711450385,0.8989677306052577,0.4378996729468974
1603972759865756296,,1549,,1603972759,820155064,"""map_zed""",,,-5.64932364728115,-4.33887969807593,3.934476644630152,,0.00798324853225436,0.007374905843869625,0.8995090555630759,0.4367669143452711
1603972759929942568,,1550,,1603972759,887028064,"""map_zed""",,,-5.64784873891303,-4.335039505916412,3.938228752200055,,0.006505328129026558,0.009167471757499084,0.8995639541414779,0.436644398311553
1603972759997707624,,1551,,1603972759,953783064,"""map_zed""",,,-5.658492440289811,-4.318984429935256,3.9360931124911898,,0.0063827718700299714,0.0071481523318966764,0.9006793643425811,0.4343786905327414
1603972760068631176,,1552,,1603972760,20532064,"""map_zed""",,,-5.675215779965908,-4.291311171085871,3.9355888877163783,,0.0070706010161621785,0.008040904101211395,0.9013137855218794,0.43303442183125
1603972760131117832,,1553,,1603972760,87278064,"""map_zed""",,,-5.694761093420992,-4.2742245798672345,3.936147251248975,,0.006397928772624324,0.006053260247054601,0.9012552775458383,0.4331989718865636
1603972760197483688,,1554,,1603972760,154041064,"""map_zed""",,,-5.684252860582158,-4.278069618256501,3.9330113444864097,,0.006766924570892041,0.006749284855833546,0.9015751992255051,0.43251683901008703
1603972760264455400,,1555,,1603972760,220903064,"""map_zed""",,,-5.691699593742586,-4.264626758158639,3.935596536644357,,0.006525911222250053,0.007798181645350189,0.9024376040101127,0.4307005592221033
1603972760337325480,,1556,,1603972760,287653064,"""map_zed""",,,-5.597164039581107,-4.265831362383498,3.9229350209985667,,0.006426976063699534,0.006880478934890371,0.9034961463907594,0.4284927845896017
1603972760397371784,,1557,,1603972760,354408064,"""map_zed""",,,-5.606125797709225,-4.251734779117765,3.918275227575541,,0.005897398636805002,0.005721699974572579,0.9035914042901697,0.428316538242033
1603972760464085672,,1558,,1603972760,421155064,"""map_zed""",,,-5.5880671985378525,-4.243163717959062,3.9158879869945378,,0.007465275795918807,0.0074592850635698685,0.9038871953363279,0.42764069828614093
1603972760534687528,,1559,,1603972760,487903064,"""map_zed""",,,-5.611814504585614,-4.24010930316213,3.911815447516602,,0.007813453326203885,0.00579030320327846,0.9035645320778094,0.4283416378394035
1603972760598698440,,1560,,1603972760,554778064,"""map_zed""",,,-5.623212766545259,-4.231891918892348,3.9165735772828527,,0.0055283165562764235,0.00593392338386161,0.9034936736722394,0.42852468762437607
1603972760666269928,,1561,,1603972760,621528064,"""map_zed""",,,-5.636817829526181,-4.201223535113039,3.9133776246065186,,0.006313525719979501,0.0050552441720284075,0.9042101069687377,0.4270113187667608
1603972760733508232,,1562,,1603972760,688279064,"""map_zed""",,,-5.653149255730797,-4.185364244791973,3.909984248041878,,0.00617391040588912,0.0041665154311964275,0.9048136823657117,0.4257425550532416
1603972760798712008,,1563,,1603972760,755028064,"""map_zed""",,,-5.608155080485462,-4.155374023735795,3.9089324427617083,,0.004486810571085373,0.004137805806086833,0.9062257722364143,0.42275004060144683
1603972760866134984,,1564,,1603972760,821781064,"""map_zed""",,,-5.619761918943467,-4.138499661357318,3.9055099287817407,,0.005409794881189977,0.002899009280306901,0.9067469871488651,0.42163044382609743
1603972760933699336,,1565,,1603972760,888653064,"""map_zed""",,,-5.619325298455761,-4.136563679024332,3.90863265868954,,0.0041485951547411675,0.004691376951802762,0.906762506891081,0.42159522795821663
1603972761000106824,,1566,,1603972760,955401064,"""map_zed""",,,-5.633978129944894,-4.11870866765427,3.906778334618531,,0.004219820701965428,0.0027076504058678405,0.9068250015013036,0.421477494529285
1603972761066106696,,1567,,1603972761,22155064,"""map_zed""",,,-5.619292902685229,-4.118341276917474,3.90946035458577,,0.0042056720244480405,0.004925351536121531,0.9070013662454169,0.42107787268392005
1603972761132814696,,1568,,1603972761,88901064,"""map_zed""",,,-5.63392745155759,-4.1092929682502515,3.9095753377962597,,0.004150390771175842,0.0034763260106221235,0.9073995075329027,0.4202342479415023
1603972761199631112,,1569,,1603972761,155658064,"""map_zed""",,,-5.652137217218511,-4.089292010481167,3.9101172518212874,,0.002732303411943279,0.0010213134633696747,0.9081381998359829,0.41866036525510164
1603972761267856072,,1570,,1603972761,222402064,"""map_zed""",,,-5.588099925242492,-4.139845851479252,3.919625308905963,,0.0,0.004179010577764411,0.9075402751252974,0.4199442640352292
1603972761332652584,,1571,,1603972761,289277064,"""map_zed""",,,-5.599073117535324,-4.128290238978364,3.917134761951138,,0.0,0.0026323067664329653,0.9080040033110727,0.4189532204580279
1603972761399734696,,1572,,1603972761,356027064,"""map_zed""",,,-5.617248089978413,-4.104237498795173,3.912882060736566,,0.0019145980499240428,0.002575075955282665,0.9085603366757387,0.41774132895585064
1603972761466008936,,1573,,1603972761,422777064,"""map_zed""",,,-5.620790980686931,-4.1040199822451635,3.9140506861072897,,0.0002114319834243455,0.000634295935721121,0.9089671539887149,0.4168672041967782
1603972761535165096,,1574,,1603972761,489529064,"""map_zed""",,,-5.635092635040802,-4.079116400505104,3.9177242574429325,,0.0009841623488434095,0.0031289077189373634,0.910025261001536,0.414539824021823
1603972761599670888,,1575,,1603972761,556286064,"""map_zed""",,,-5.652371444503482,-4.055754957345403,3.9169343350282007,,0.001439187779132109,0.0045429183691238365,0.9108724511852785,0.4126604758187416
1603972761666832456,,1576,,1603972761,623156064,"""map_zed""",,,-5.617679955293046,-4.049847229935286,3.9141347232512733,,0.0,0.0023193344930078808,0.9115220591767279,0.41124464290945756
1603972761734269736,,1577,,1603972761,689905064,"""map_zed""",,,-5.588772157486672,-4.032096464851135,3.9147564814690514,,0.0,0.0039271703749018715,0.912284740647287,0.4095377019456924
1603972761800473832,,1578,,1603972761,756651064,"""map_zed""",,,-5.605567156062295,-4.016888903305415,3.909837826803592,,0.0,0.0028234913159497638,0.9123600217833925,0.40937906461883994
1603972761870708200,,1579,,1603972761,823403064,"""map_zed""",,,-5.52803564074194,-3.965769943876615,3.900608777999878,,0.0,0.0,0.914557321751935,0.4044563081841196
1603972761934147880,,1580,,1603972761,890152064,"""map_zed""",,,-5.541829821376862,-3.94499693190701,3.8957467079162598,,0.0,0.0,0.9148661116001144,0.4037573502063918
1603972762003975528,,1581,,1603972761,957044064,"""map_zed""",,,-5.559810465207638,-3.921569970239018,3.8949997754609424,,0.0,0.0002990096522491332,0.9160465406574252,0.4010718712934027
1603972762067201416,,1582,,1603972762,23782064,"""map_zed""",,,-5.576548320328686,-3.90623829361624,3.897257101710967,,0.0,0.0016603354619237403,0.9165644517887428,0.3998835443017821
1603972762133151400,,1583,,1603972762,90532064,"""map_zed""",,,-5.5969053326222085,-3.8958247520516656,3.8911540508270264,,0.0,0.0,0.9167081135396584,0.39955754850904857
1603972762202484360,,1584,,1603972762,157280064,"""map_zed""",,,-5.574045008806421,-3.7831795906276375,3.8779349024134167,,0.0,-0.0012976247949655988,0.9200095902943143,0.391893697239927
1603972762268517032,,1585,,1603972762,224029064,"""map_zed""",,,-5.609327590304328,-3.8289071448470855,3.8984949038606884,,-0.0018269801042684714,0.0,0.9184231619449665,0.3955951942917256
1603972762337636392,,1586,,1603972762,290903064,"""map_zed""",,,-5.587001318766444,-3.7717755515696076,3.9061074215627873,,-0.004195029362761686,0.0011121134689262304,0.9202731806299675,0.39125239672809786
1603972762403296232,,1587,,1603972762,357652064,"""map_zed""",,,-5.59598835365999,-3.7483246605540925,3.9095879040522816,,-0.002674426695161971,0.0026067085998195583,0.9211831842272796,0.38911128692061553
1603972762470591944,,1588,,1603972762,424403064,"""map_zed""",,,-5.612823343965755,-3.7296186311351653,3.907812868185234,,-0.003540035720195241,0.0,0.9214582087991868,0.3884613720612309
1603972762534883816,,1589,,1603972762,491156064,"""map_zed""",,,-5.623948521262914,-3.721800583939271,3.9072601025452824,,-0.004675464792326624,0.0,0.9215364439013406,0.3882637281418998
1603972762601517672,,1590,,1603972762,557929064,"""map_zed""",,,-5.639432395628062,-3.6934560623404495,3.910423792459984,,-0.003525275680544549,0.003407052197833869,0.9224579782455152,0.3860663709751133
1603972762668877544,,1591,,1603972762,624778064,"""map_zed""",,,-5.658393708742107,-3.6717413070291154,3.908395098897162,,-0.0030297056593727723,0.003976195806064593,0.9225311196190429,0.3858903264983001
1603972762736206088,,1592,,1603972762,691527064,"""map_zed""",,,-5.678690223051101,-3.650288768431615,3.908114876042528,,-0.0015774960427656127,0.004186139854087695,0.922982025249359,0.3848170588811633
1603972762801521960,,1593,,1603972762,758286064,"""map_zed""",,,-5.69748893657306,-3.628855533064771,3.9091399642887343,,-0.0037126236934385526,0.0033206716899712614,0.9233154258615434,0.384010174254479
1603972762869920712,,1594,,1603972762,825033064,"""map_zed""",,,-5.696599414477701,-3.633161473007941,3.9094050396123987,,-0.0005854286896670879,0.005734706937108605,0.9232932013161138,0.38405264588730154
1603972762936095080,,1595,,1603972762,891789064,"""map_zed""",,,-5.704136560375516,-3.609369087851841,3.9178100173963784,,-0.0035547411295879104,0.006677145559140434,0.9239345726821143,0.38247573118487205
1603972763003136360,,1596,,1603972762,958659064,"""map_zed""",,,-5.725636576867126,-3.593022025229143,3.9119930909330543,,-0.0020535404876238068,0.0032457852205259805,0.9250733503193123,0.3797690671694718
1603972763072149224,,1597,,1603972763,25422064,"""map_zed""",,,-5.74047540710973,-3.57429216912408,3.917210260464817,,-0.003594343785158728,0.006636854264529394,0.9262477760249083,0.37683960814534484
1603972763136718312,,1598,,1603972763,92153064,"""map_zed""",,,-5.762136511043456,-3.561525536995236,3.9118167950294174,,-0.002103721640107433,0.0041143305841945385,0.9269204370697285,0.37522946310433636
1603972763202452584,,1599,,1603972763,158905064,"""map_zed""",,,-5.7547411364229655,-3.5342482600296394,3.908783333527922,,-0.0027648319782117912,0.0029499623739059192,0.9284063519292367,0.3715444779882634
1603972763270562536,,1600,,1603972763,225653064,"""map_zed""",,,-5.764889849239018,-3.520627136047096,3.910088764329309,,-0.0008279211431052892,0.004537995883376999,0.929413373874841,0.36901151960681167
1603972763335467688,,1601,,1603972763,292404064,"""map_zed""",,,-5.782061700541447,-3.5030198130293493,3.9177400587975137,,-0.0055578866496451464,0.005075835494223403,0.9302352431129574,0.36688654685147903
1603972763403169320,,1602,,1603972763,359279064,"""map_zed""",,,-5.800192061656569,-3.4866437563756554,3.911826670853833,,-0.0015632627217598953,0.003369671174669733,0.9309861930219331,0.36503549132702884
1603972763469870120,,1603,,1603972763,426027064,"""map_zed""",,,-5.817343104058298,-3.473340600173206,3.9122311678856954,,-0.001998376998729335,0.0042898640241285195,0.9316546759157318,0.36331414561007425
1603972763536617608,,1604,,1603972763,492782064,"""map_zed""",,,-5.833869194334377,-3.4561194428843622,3.9120732140969086,,-0.00364988207190993,0.0037025758379678224,0.9328492959078107,0.3602293164323624
1603972763602640872,,1605,,1603972763,559532064,"""map_zed""",,,-5.85221039669597,-3.4420725753350774,3.909873615730534,,-0.000572560511918878,0.0036498819276314055,0.9338480540341142,0.3576508947466406
1603972763671492168,,1606,,1603972763,626278064,"""map_zed""",,,-5.869775999417716,-3.4258281247565705,3.916012094945757,,-0.0035505467392724786,0.004795048891797947,0.9351311404577369,0.354251536722411
1603972763737933256,,1607,,1603972763,693155064,"""map_zed""",,,-5.889884128515991,-3.4165581303857278,3.9102510656590437,,0.0,0.003592265812280239,0.9365435144893056,0.3505329386724645
1603972763803964936,,1608,,1603972763,759903064,"""map_zed""",,,-5.904771463803651,-3.402290995262886,3.914337696145297,,-0.003183204235416915,0.005039005572599703,0.9378627598776332,0.34695521219365444
1603972763873593512,,1609,,1603972763,826653064,"""map_zed""",,,-5.9234736404549535,-3.389815675028621,3.9123088445553176,,0.0,0.00417187325073733,0.9393227077217269,0.34300939671079417
1603972763937403304,,1610,,1603972763,893407064,"""map_zed""",,,-5.938813442723897,-3.3787060384643386,3.911599740177667,,0.0,0.004293334637236952,0.9406069960248024,0.3394702436251083
1603972764006123656,,1611,,1603972763,960155064,"""map_zed""",,,-5.904188239075246,-3.346828996661309,3.9285957607075903,,-0.005853013615466334,0.007967367787770088,0.9432023190674087,0.3320717521681326
1603972764070862632,,1612,,1603972764,27026064,"""map_zed""",,,-5.9191357598367365,-3.3408182464728795,3.9248092857090344,,-0.0019721063746379903,0.0043502270350047586,0.9444476793438895,0.3286270945967978
1603972764137992616,,1613,,1603972764,93776064,"""map_zed""",,,-5.934055587921702,-3.332331438825396,3.9218606628182444,,-0.002563476600044915,0.006040939218365165,0.9458507437953393,0.32453552363783605
1603972764204816648,,1614,,1603972764,160530064,"""map_zed""",,,-5.949577021586202,-3.3236378653223198,3.922687271471085,,-0.004296805796207693,0.0052561160305102704,0.9471516800101609,0.3207142119678411
1603972764275469288,,1615,,1603972764,227279064,"""map_zed""",,,-5.9654611155912844,-3.3080231512147114,3.92258235509955,,-0.0017773704947491135,0.006808634998952616,0.9496494093517873,0.3132355068656444
1603972764339287240,,1616,,1603972764,294030064,"""map_zed""",,,-5.977920325255957,-3.3061922977136127,3.920231241721617,,-0.0011644765900212224,0.005110942626894996,0.9519668572168857,0.3061562101613186
1603972764405472712,,1617,,1603972764,360906064,"""map_zed""",,,-5.995102460823305,-3.298619998340291,3.9251758238861365,,-0.005347459735879596,0.006461660006949345,0.954024379353373,0.2996116406679475
1603972764471537608,,1618,,1603972764,427653064,"""map_zed""",,,-6.012787011097938,-3.288499054389695,3.9226075699216194,,-0.0036580381839929834,0.006249475439150134,0.9565762505334673,0.29139224376896733
1603972764537854152,,1619,,1603972764,494403064,"""map_zed""",,,-6.029973967464457,-3.276117016963214,3.9210946830634983,,-0.004219820664301349,0.005962731699492225,0.9593448505610894,0.2821419795885788
1603972764605532040,,1620,,1603972764,561157064,"""map_zed""",,,-6.048057979220925,-3.268196742973047,3.9205006014124772,,-0.003972445999689078,0.00682612122154914,0.9618289871546464,0.27353724282246356
1603972764741776648,,1621,,1603972764,694776064,"""map_zed""",,,-5.961128642152205,-3.2428984247183417,3.945785014375131,,-0.008014917722234184,0.006773528006217518,0.9665348950171571,0.2563204578772985
1603972764804528392,,1622,,1603972764,761532064,"""map_zed""",,,-5.968490855193913,-3.2325308799901324,3.9503826023637907,,-0.00840691367007281,0.009067778293073436,0.968195836130433,0.24988781902898577
1603972764941818632,,1623,,1603972764,895032064,"""map_zed""",,,-5.943717133666956,-3.2302518615298226,3.9635747137888,,-0.0116005334779003,0.009677489269453332,0.971669672042309,0.23585975124564898
1603972765006563496,,1624,,1603972764,961778064,"""map_zed""",,,-5.958163996618926,-3.2230366368947654,3.965588443426164,,-0.01056666520796788,0.009546491632137765,0.9744326793490535,0.22422792756595916
1603972765072976360,,1625,,1603972765,28653064,"""map_zed""",,,-5.976695795907873,-3.2130094291773967,3.9636442767239637,,-0.010123007718391346,0.010145798112636523,0.9766788277717144,0.21422664371609057
1603972765139440424,,1626,,1603972765,95432064,"""map_zed""",,,-5.995952612954096,-3.2055957785742364,3.9676574406413847,,-0.012111441465059046,0.009560528591214546,0.9780467780599789,0.20781339996542408
1603972765205238088,,1627,,1603972765,162151064,"""map_zed""",,,-6.014019777956731,-3.199406056853437,3.9652430311558877,,-0.01005877193381665,0.01009573892119328,0.9791091196361913,0.20283547275578023
1603972765274007368,,1628,,1603972765,228904064,"""map_zed""",,,-6.033514780699732,-3.1904582205762946,3.9632195676839816,,-0.010046171982464075,0.010522149531195839,0.9801577355685341,0.197684526968869
1603972765340408776,,1629,,1603972765,295654064,"""map_zed""",,,-6.0259609932056435,-3.167303943286417,3.974686683131843,,-0.012498354622552537,0.010806498189749339,0.9811335271405378,0.19262401887971145
1603972765408391880,,1630,,1603972765,362416064,"""map_zed""",,,-6.04055313282857,-3.156818590276587,3.974725347486598,,-0.011803005568374233,0.009884680408919209,0.9817866472035254,0.18936198542903712
1603972765474833064,,1631,,1603972765,429279064,"""map_zed""",,,-6.060186954704741,-3.1490314793343517,3.9735377126937603,,-0.012688856158648404,0.010403943672863366,0.9823456211617082,0.1863540487079761
1603972765541335400,,1632,,1603972765,496029064,"""map_zed""",,,-6.079813808149375,-3.140863954023297,3.971050147978775,,-0.012329101395287105,0.010490947260730696,0.9825808272614068,0.18512928234789586
1603972765609266952,,1633,,1603972765,562778064,"""map_zed""",,,-6.098988932727915,-3.1296837911760678,3.971996679230652,,-0.01263766745335182,0.01169265349843088,0.9828276112385655,0.183721141414371
1603972765674356232,,1634,,1603972765,629528064,"""map_zed""",,,-6.116853303311167,-3.122614867980114,3.97045964025368,,-0.012351441220660507,0.011297935641503696,0.9830548185982722,0.18254594539658042
1603972765741510056,,1635,,1603972765,696282064,"""map_zed""",,,-6.1362509263894705,-3.1147844348896045,3.971584901492657,,-0.012734572410388731,0.012334539562041068,0.9832754736780721,0.18125957260922776
1603972765808144744,,1636,,1603972765,763151064,"""map_zed""",,,-6.155271480736751,-3.108171125825662,3.9677271170923856,,-0.012255762205967946,0.012147683148682867,0.9835222115367529,0.1799619112499217
1603972765875008520,,1637,,1603972765,829905064,"""map_zed""",,,-6.1473743670485534,-3.0829858640403716,3.9790880522445127,,-0.013715944387431428,0.011189259870024115,0.9840074802010833,0.17724545760452218
1603972765942013096,,1638,,1603972765,896654064,"""map_zed""",,,-6.161863344264096,-3.074880472250858,3.97689134483147,,-0.013228163713623894,0.0119254632574291,0.9842730506972043,0.17575369322458104
1603972766009537192,,1639,,1603972765,963404064,"""map_zed""",,,-6.180296292104175,-3.0719534076977584,3.9769416247941005,,-0.013662062664050975,0.011470063655583927,0.9842974004223181,0.175614387808537
1603972766075270056,,1640,,1603972766,30152064,"""map_zed""",,,-6.198298862502526,-3.0629762952691335,3.9747241952934798,,-0.012396599078768113,0.01209482076439617,0.9845288326527074,0.17436461027816044
1603972766142767592,,1641,,1603972766,97027064,"""map_zed""",,,-6.217460988753722,-3.0573264417890926,3.97796711327185,,-0.014787648634665272,0.012129269233593962,0.9845616132389517,0.1739903330993694
1603972766207230920,,1642,,1603972766,163779064,"""map_zed""",,,-6.236115311567927,-3.0486335429469564,3.975159762860355,,-0.012769044739463402,0.012263055307663017,0.9847206752943948,0.1732390274121677
1603972766275066920,,1643,,1603972766,230528064,"""map_zed""",,,-6.256064859596823,-3.0416818997671187,3.975620638250912,,-0.014230488187670498,0.012726378912834221,0.9847564322301303,0.1728881189298224
1603972766343246600,,1644,,1603972766,297279064,"""map_zed""",,,-6.275841563086401,-3.035296956679726,3.9733757982668383,,-0.012332123309108073,0.012326684385035846,0.9847935270278182,0.1728516147187256
1603972766409656072,,1645,,1603972766,364027064,"""map_zed""",,,-6.296311497624002,-3.026746904396656,3.9741537879410114,,-0.014419288981846785,0.013256296217634463,0.9848353045452228,0.17238264888661659
1603972766476312936,,1646,,1603972766,430903064,"""map_zed""",,,-6.3161548125912,-3.019455844787588,3.9705182354770003,,-0.012506102438773339,0.012658285206840671,0.9849360167943316,0.1720011861550061
1603972766543055528,,1647,,1603972766,497652064,"""map_zed""",,,-6.338030086213563,-3.01465295316627,3.9702113863628203,,-0.014015245707781995,0.012137252301362112,0.9848801814383569,0.17224194670367826
1603972766609252808,,1648,,1603972766,564401064,"""map_zed""",,,-6.357743213996355,-3.006570145814834,3.967831646655626,,-0.013287733300324914,0.012747437684884198,0.9850120538024354,0.17149983335303162
1603972766676491880,,1649,,1603972766,631158064,"""map_zed""",,,-6.376708900168542,-3.0015130493692883,3.9682186603924032,,-0.013593174127110193,0.012582127575151023,0.9850774720773675,0.17111192152651408
1603972766743436488,,1650,,1603972766,697903064,"""map_zed""",,,-6.394708847355797,-2.993151533769555,3.967489977098317,,-0.013896191127755303,0.012800514361880193,0.9852877596559053,0.16985603720933495
1603972766810339176,,1651,,1603972766,764779064,"""map_zed""",,,-6.416083743778382,-2.987752885937936,3.968614246778684,,-0.013704533983827863,0.013076915687279802,0.9852658126321912,0.1699778176193048
1603972766877600136,,1652,,1603972766,831528064,"""map_zed""",,,-6.434954600655008,-2.9789511009267247,3.966316067833083,,-0.014701239997823705,0.01339106376098095,0.9854655422083929,0.16870749264272158
1603972766943697768,,1653,,1603972766,898280064,"""map_zed""",,,-6.454981866811622,-2.9722995297310777,3.963722182635108,,-0.01386774598242229,0.013902624012527617,0.985491445728436,0.16858532873002452
1603972767010962440,,1654,,1603972766,965042064,"""map_zed""",,,-6.474418134879081,-2.9676933066402484,3.965235234145485,,-0.015016633360849404,0.013452126890849757,0.985535997315334,0.16826270828763057
1603972767076693576,,1655,,1603972767,31776064,"""map_zed""",,,-6.495905743425847,-2.9597837907250613,3.962211084080971,,-0.015227996112430454,0.014467778900237444,0.985488314939855,0.16843863162914513
1603972767144842504,,1656,,1603972767,98657064,"""map_zed""",,,-6.515330630344565,-2.9530634864548793,3.9603442283099417,,-0.014889075108347733,0.014006737325705275,0.9855791719558927,0.16797566061380334
1603972767210870248,,1657,,1603972767,165404064,"""map_zed""",,,-6.53446422463403,-2.94875369726717,3.961211136200005,,-0.016416529156244364,0.014993295970787272,0.9854325033700332,0.16860747299056464
1603972767275924200,,1658,,1603972767,232153064,"""map_zed""",,,-6.553960149155425,-2.944634515921131,3.9590246070537356,,-0.015071605472029731,0.014379447459476261,0.9855226369741594,0.16825935400670847
1603972767342534472,,1659,,1603972767,298905064,"""map_zed""",,,-6.5742930238007435,-2.937570801781011,3.959569568053586,,-0.017744757019539956,0.014840456476874158,0.9855107545371575,0.16802808438317118
1603972767410236296,,1660,,1603972767,365651064,"""map_zed""",,,-6.594042367294679,-2.9290422745721694,3.956879022316081,,-0.014848488184275073,0.014692622030497218,0.9857745656959902,0.16676976609503386
1603972767477069064,,1661,,1603972767,432532064,"""map_zed""",,,-6.615759171533675,-2.9227919537182534,3.9572960383397384,,-0.017016444125396518,0.014571432758736642,0.98569391826514,0.1670497335280743
1603972767544369320,,1662,,1603972767,499277064,"""map_zed""",,,-6.6364199060402544,-2.9179269777789663,3.9551676403210925,,-0.015119974497418616,0.014129078011935662,0.9857099053628126,0.16717576976154494
1603972767612410216,,1663,,1603972767,566031064,"""map_zed""",,,-6.656905014755733,-2.91092565247393,3.9535754530353127,,-0.017067158676452202,0.014821869392140771,0.9857463287825127,0.16671292563635723
1603972767678223272,,1664,,1603972767,632778064,"""map_zed""",,,-6.676880066210335,-2.904394678523913,3.9537789686841953,,-0.016601562648171225,0.01515590319898302,0.9856715290304079,0.1671715393681581
1603972767745478664,,1665,,1603972767,699526064,"""map_zed""",,,-6.696311025660223,-2.8991989738802575,3.9536167476736574,,-0.017192422980524924,0.015266598811153918,0.9856476575566714,0.16724247877212445
1603972767811210664,,1666,,1603972767,766277064,"""map_zed""",,,-6.716950419961026,-2.893309142404088,3.951219774281986,,-0.016760126178338036,0.01488557309146072,0.9856639156608353,0.16722488824446782
1603972767878267336,,1667,,1603972767,833153064,"""map_zed""",,,-6.735878630396278,-2.8869610806534642,3.952365957699403,,-0.017283190101226305,0.0156521555574665,0.9857180748511185,0.16678182838107547
1603972767945394120,,1668,,1603972767,899905064,"""map_zed""",,,-6.75469853753366,-2.8816607036113497,3.949968912898544,,-0.016752121918917628,0.015145576512771673,0.9857447713323614,0.1667249942696652
1603972768013178664,,1669,,1603972767,966652064,"""map_zed""",,,-6.773373854290202,-2.8761661948187953,3.950585390819,,-0.016961185205673718,0.015887441061198663,0.9857619968331439,0.1665328586570188
1603972768079709192,,1670,,1603972768,33404064,"""map_zed""",,,-6.792845968955854,-2.87008254912599,3.9479813013804663,,-0.016861617765969287,0.015258789244225295,0.9857704160789174,0.16655191977492473
1603972768146662728,,1671,,1603972768,100154064,"""map_zed""",,,-6.811967119304793,-2.8635064421694487,3.947349801926818,,-0.016625331541158316,0.016075320374010518,0.9858280317369523,0.16615737801152863
1603972768211701832,,1672,,1603972768,167027064,"""map_zed""",,,-6.831999520761676,-2.857942819108022,3.9458817697071393,,-0.017333554599247895,0.015125886038008999,0.9857579155298196,0.1665895777857223
1603972768279398952,,1673,,1603972768,233778064,"""map_zed""",,,-6.852392633008231,-2.85254239100664,3.9447692432050325,,-0.01668974051573971,0.015720552204983793,0.9857811564687011,0.16646269357161683
1603972768345923656,,1674,,1603972768,300531064,"""map_zed""",,,-6.874373568133497,-2.846926054612939,3.9430466193642144,,-0.017843573997246426,0.014894078245055674,0.9856416423832004,0.1672433140678044
1603972768412345736,,1675,,1603972768,367277064,"""map_zed""",,,-6.896331716063774,-2.84060972359868,3.9411899666812955,,-0.01717855103265621,0.014856013117551407,0.9856056955453665,0.1675279354830231
1603972768477779592,,1676,,1603972768,434027064,"""map_zed""",,,-6.91694598819245,-2.8355151830567413,3.938690191540398,,-0.017384200892494886,0.014165416968766987,0.9855729117154296,0.16775925075595782
1603972768544670440,,1677,,1603972768,500903064,"""map_zed""",,,-6.936919425435377,-2.830219426330674,3.937976628151591,,-0.016712490514417023,0.014566830398796,0.9854908016155017,0.1682747159979002
1603972768615484168,,1678,,1603972768,567657064,"""map_zed""",,,-6.955814975187285,-2.821171210766185,3.9357912003886373,,-0.017071960443754867,0.01384516335680582,0.9855773419982089,0.16779202173517027
1603972768677758088,,1679,,1603972768,634403064,"""map_zed""",,,-6.977130663024861,-2.8147567520560357,3.9343243093044507,,-0.01504785857366644,0.013979582213068921,0.9854673811669604,0.16861842689761888
1603972768749415656,,1680,,1603972768,701152064,"""map_zed""",,,-6.999524270329791,-2.80989993768771,3.933397814919034,,-0.016730759881197328,0.013516221670772814,0.9852819193188272,0.16957869231997383
1603972768814411464,,1681,,1603972768,767902064,"""map_zed""",,,-7.020594089235275,-2.8035404793157914,3.9325241031042864,,-0.016411535277367113,0.013917086506456684,0.9851829310845098,0.17015160449653505
1603972768878038568,,1682,,1603972768,834777064,"""map_zed""",,,-7.041064118179572,-2.7962978940136627,3.931086856747273,,-0.016477230743697672,0.014076776638005942,0.985156226564249,0.17028668323798238
1603972768945703112,,1683,,1603972768,901529064,"""map_zed""",,,-7.063089529908574,-2.7899962899599964,3.928959076971262,,-0.015468288544097094,0.013083751593432325,0.985113939866611,0.1707046366512665
1603972769013336136,,1684,,1603972768,968283064,"""map_zed""",,,-7.083774855996218,-2.7819991015883976,3.928084617093826,,-0.01562976813014414,0.013607417954412846,0.9851816144393388,0.1702578488514117
1603972769077864808,,1685,,1603972769,35028064,"""map_zed""",,,-7.107778230902141,-2.776359731697821,3.924068030024398,,-0.013997691347662442,0.012749775006970061,0.985068237991304,0.17112005836521527
1603972769145701384,,1686,,1603972769,101779064,"""map_zed""",,,-7.131514675486027,-2.767058981375711,3.9224102507915783,,-0.014631133276709087,0.012773128008273855,0.9850642512903284,0.1710882753719504
1603972769212986184,,1687,,1603972769,168653064,"""map_zed""",,,-7.154692738133156,-2.759887077273208,3.923248920895115,,-0.015429224020070461,0.013257420735617175,0.9850865091008989,0.17085300532616252
1603972769278703400,,1688,,1603972769,235403064,"""map_zed""",,,-7.175390759518129,-2.751231809611858,3.923468320389914,,-0.015037457474037718,0.012595148769967765,0.9851881871751746,0.1703510286164196
1603972769345813160,,1689,,1603972769,302156064,"""map_zed""",,,-7.1979770490785056,-2.7424273534586643,3.921983414575451,,-0.014342613037488391,0.013266970820274072,0.9851365994943416,0.1706580126253553
1603972769413768520,,1690,,1603972769,368904064,"""map_zed""",,,-7.218133656141182,-2.7327703574700486,3.919068009321108,,-0.013372132789176896,0.012448778594315618,0.9852554970924841,0.17011119723645593
1603972769480995048,,1691,,1603972769,435655064,"""map_zed""",,,-7.243327803762448,-2.723935536781035,3.9174571599064656,,-0.01344603225900923,0.012465524662772827,0.9851313968176579,0.17082138600146546
1603972769547103112,,1692,,1603972769,502528064,"""map_zed""",,,-7.267268508129732,-2.7149099097343306,3.9185447071022472,,-0.015313378741153006,0.012761457063516751,0.9851104153554926,0.17076333096796545
1603972769614587144,,1693,,1603972769,569280064,"""map_zed""",,,-7.271831151626629,-2.724704430754204,3.920576461603044,,-0.0150354755111166,0.013151907280589873,0.9846838055661185,0.1732015151979449
1603972769680387720,,1694,,1603972769,636029064,"""map_zed""",,,-7.294123290959724,-2.717095308962735,3.918097763667561,,-0.01413382250354442,0.012867276009957162,0.9845891772503118,0.1738356128964252
1603972769749242504,,1695,,1603972769,702778064,"""map_zed""",,,-7.31581219787761,-2.70920734737583,3.9151755013610483,,-0.014152261191576568,0.01212005110653426,0.9846136405118,0.1737492353434691
1603972769814744648,,1696,,1603972769,769532064,"""map_zed""",,,-7.338811322314493,-2.6988346891372554,3.912593957791143,,-0.012594557045617122,0.012430211199531986,0.9846247911251035,0.1737840259753641
1603972769880029544,,1697,,1603972769,836279064,"""map_zed""",,,-7.359924979785933,-2.693270320985586,3.913492385004852,,-0.01368059135125908,0.011713662273208565,0.9846603944729956,0.1735498173226175
1603972769947413672,,1698,,1603972769,903155064,"""map_zed""",,,-7.383617668276508,-2.6810795258694036,3.91239071980169,,-0.014028529120908805,0.012296424726661731,0.9848289127748022,0.172522493815868
1603972770013405608,,1699,,1603972769,969905064,"""map_zed""",,,-7.406325788066597,-2.6739043678801044,3.911685257042139,,-0.013809060661820234,0.012180145815745343,0.9847783434854817,0.172836825050497
1603972770080398952,,1700,,1603972770,36653064,"""map_zed""",,,-7.430881964825154,-2.6644574638886795,3.909601054786556,,-0.013976917734002723,0.011727012804533633,0.9848457667770669,0.1724701093019612
1603972770148101224,,1701,,1603972770,103401064,"""map_zed""",,,-7.454004957139771,-2.655608470518323,3.9079091262168624,,-0.013278759377921188,0.01164028633018002,0.9847377756173609,0.1731464454030371
1603972770216692296,,1702,,1603972770,170153064,"""map_zed""",,,-7.4766286182550905,-2.6465547178123696,3.9071899234595935,,-0.013219713195381063,0.011997717398162914,0.9848315687458328,0.17259222219407186
1603972770280345160,,1703,,1603972770,237028064,"""map_zed""",,,-7.496861770198297,-2.6378187939351228,3.90641897857091,,-0.013441598813798417,0.010957128237590078,0.9847863199042436,0.17290219458286418
1603972770347448200,,1704,,1603972770,303799064,"""map_zed""",,,-7.519109460427579,-2.632939063602514,3.9072693900647386,,-0.013742537394913684,0.011639005637694754,0.9849153869766257,0.17209693986355074
1603972770415605640,,1705,,1603972770,370531064,"""map_zed""",,,-7.54003287984,-2.6237410474666847,3.9065492193065015,,-0.014303598619917018,0.010321981321922856,0.9851809786196348,0.1706086256147936
1603972770482895592,,1706,,1603972770,437281064,"""map_zed""",,,-7.5608470451111955,-2.615368014216658,3.9064056759123966,,-0.013458218180730747,0.01166330616814299,0.9854520465970865,0.1690180685910285
1603972770548244456,,1707,,1603972770,504030064,"""map_zed""",,,-7.582001828953041,-2.581093332454525,3.899731283232242,,-0.013362656675482419,0.006804256392782507,0.9861531408449987,0.16515787690285486
1603972770615064936,,1708,,1603972770,570903064,"""map_zed""",,,-7.605170429141733,-2.5781061523407147,3.8980640165146117,,-0.012423615794458614,0.008490689956207777,0.986102095598541,0.16545760487455738
1603972770681370472,,1709,,1603972770,637653064,"""map_zed""",,,-7.628033650653161,-2.574392461161832,3.8961564771705,,-0.01271817968658221,0.005809571827649325,0.9862145387661094,0.16487989661262328
1603972770748501128,,1710,,1603972770,704407064,"""map_zed""",,,-7.650768053926295,-2.565770966364806,3.896539972081671,,-0.012820869904910168,0.0073668194340160975,0.9864168336910167,0.16359457655221024
1603972770816111688,,1711,,1603972770,771151064,"""map_zed""",,,-7.672554034684275,-2.558331212827887,3.897618551801819,,-0.014539695582282033,0.006337083573696134,0.986462069162628,0.1632207852191048
1603972770881541896,,1712,,1603972770,837904064,"""map_zed""",,,-7.69545543821446,-2.5549143707137065,3.893656805246422,,-0.013131498061648674,0.006278022515850798,0.9865827932960193,0.16261162985522135
1603972770947980200,,1713,,1603972770,904776064,"""map_zed""",,,-7.7198935964539865,-2.559042019190864,3.8938630473989604,,-0.013757167524337168,0.007233116849521349,0.9864789944169814,0.1631490604827671
1603972771018579272,,1714,,1603972770,971528064,"""map_zed""",,,-7.744056268345454,-2.5489921455596627,3.894452872318175,,-0.013613440402025407,0.0059125396819194485,0.9869795663222791,0.16015945734553466
1603972771082187176,,1715,,1603972771,38277064,"""map_zed""",,,-7.766505155862067,-2.5319647314035065,3.894139832923333,,-0.015547081007626248,0.007541732916354968,0.9876172612976913,0.1559280466228198
1603972771148434248,,1716,,1603972771,105026064,"""map_zed""",,,-7.790431983939302,-2.5317411928178006,3.89389219409127,,-0.01622663085486232,0.005047869464183844,0.9877628207887321,0.1550349164945091
1603972771215730248,,1717,,1603972771,171776064,"""map_zed""",,,-7.814776790250587,-2.5246004086050498,3.893483314432627,,-0.01558824063304202,0.007101093389314275,0.9879165250631304,0.15403740043843844
1603972771281643368,,1718,,1603972771,238654064,"""map_zed""",,,-7.838797751146738,-2.502937127899083,3.893416849932044,,-0.018556694670567746,0.005444116667198595,0.9883019518918134,0.1512787578064055
1603972771349447560,,1719,,1603972771,305403064,"""map_zed""",,,-7.863854018040676,-2.5053466710568855,3.8899458990119786,,-0.01747951521884412,0.005000414939973069,0.9882046275813348,0.15205616207499703
1603972771417017416,,1720,,1603972771,372155064,"""map_zed""",,,-7.885857847749088,-2.5053003804502514,3.8902222240551274,,-0.018814675668630557,0.006708316095878333,0.9882596814545148,0.15147213765594858
1603972771486726856,,1721,,1603972771,438903064,"""map_zed""",,,-7.910529696136969,-2.480342626587147,3.892239055007122,,-0.02072356965778112,0.005093419340636273,0.9885917672807386,0.14910032999562897
1603972771551013608,,1722,,1603972771,505659064,"""map_zed""",,,-7.933629157848417,-2.4738854403113244,3.8926259837876844,,-0.019559078491895126,0.00556726304370595,0.9887284330292355,0.14833251076652915
1603972771622362408,,1723,,1603972771,572534064,"""map_zed""",,,-7.956690670208196,-2.468095647810847,3.8910556333682473,,-0.021059163517902598,0.003531610461516958,0.9886736556928832,0.14855450817240237
1603972771684579880,,1724,,1603972771,639281064,"""map_zed""",,,-7.980298272046141,-2.4537404645233516,3.89067574348317,,-0.0203561167429354,0.0036396609953564226,0.9889013731552565,0.14712734467336458
1603972771749361064,,1725,,1603972771,706032064,"""map_zed""",,,-8.005560624063921,-2.454663940861362,3.8896688362916856,,-0.021678051078261023,0.005041962046684907,0.9885122224804579,0.14949323304723108
1603972771818518248,,1726,,1603972771,772778064,"""map_zed""",,,-8.02873406310676,-2.4556451717589156,3.8868511263304,,-0.019740698742155786,0.003493429606575157,0.9884245933154634,0.15038259238328136
1603972771883796584,,1727,,1603972771,839528064,"""map_zed""",,,-8.050975576303218,-2.440298396978085,3.881545496413305,,-0.02120793803012647,0.003354158029036551,0.988586190130095,0.14911846858283626
1603972771950199240,,1728,,1603972771,906276064,"""map_zed""",,,-8.07220318361128,-2.4382756751634895,3.880018816314788,,-0.02007416368305688,0.002031654735821768,0.9884107905256199,0.15045600521075755
1603972772017887816,,1729,,1603972771,973153064,"""map_zed""",,,-8.092960929991582,-2.4389175664555967,3.8796500561202096,,-0.02061037083692909,0.00317382800679086,0.9883552421575462,0.15072841380922755
1603972772083642152,,1730,,1603972772,39903064,"""map_zed""",,,-8.113812092838343,-2.4242756758306623,3.8807959415550477,,-0.02107189569501154,0.0022869866522678473,0.9885450478674449,0.14943036251251607
1603972772149852264,,1731,,1603972772,106661064,"""map_zed""",,,-8.138369433451604,-2.426363940080953,3.8791095366136616,,-0.02157504304185374,0.003034619856303835,0.9884389072140736,0.1500461105977694
1603972772217377480,,1732,,1603972772,173403064,"""map_zed""",,,-8.162113688462828,-2.42309450071462,3.8752470022039547,,-0.021956375659680418,0.0015774961197900076,0.9883571623161787,0.15055081790609393
1603972772283619592,,1733,,1603972772,240155064,"""map_zed""",,,-8.182894849807251,-2.4091360223890907,3.8770451463557074,,-0.02176893960362993,0.00375254560075245,0.9886227041710405,0.14878568636662376
1603972772351224040,,1734,,1603972772,307027064,"""map_zed""",,,-8.202273931626301,-2.4101130625764493,3.8754441402737796,,-0.02243836883432851,0.0025605684099587215,0.9883263329665343,0.15066858550605686
1603972772420398152,,1735,,1603972772,373779064,"""map_zed""",,,-8.216492867509416,-2.4077781735226025,3.8771875669622333,,-0.021998411761733627,0.004397920941903925,0.9883857095638275,0.15030108882293264
1603972772484921800,,1736,,1603972772,440528064,"""map_zed""",,,-8.22649750744618,-2.40791965391278,3.8775984888069033,,-0.02191459541095357,0.004024619642177833,0.9882253260928365,0.15137456131535695
1603972772550895368,,1737,,1603972772,507280064,"""map_zed""",,,-8.233703396472615,-2.4083228191753934,3.8770034091283683,,-0.02195433914793184,0.00355893073246473,0.9881259270617745,0.15202793583064841
1603972772619952328,,1738,,1603972772,574029064,"""map_zed""",,,-8.23978771801743,-2.4068612499508815,3.876809406971871,,-0.023016000406986658,0.003550546746541143,0.9880648358572678,0.15226797918609353
1603972772685873320,,1739,,1603972772,640902064,"""map_zed""",,,-8.24703826708944,-2.403446490986017,3.877850558378178,,-0.023681011574031796,0.0030833327426858775,0.9880054215281302,0.1525614295326644
1603972772752516104,,1740,,1603972772,707654064,"""map_zed""",,,-8.250609200423499,-2.4023020992415596,3.877968837967291,,-0.023254635379551816,0.004072467895813954,0.9879511239643415,0.15295493975742044
1603972772818549064,,1741,,1603972772,774403064,"""map_zed""",,,-8.252159075310908,-2.40118857410922,3.8781425257596887,,-0.023033797810567084,0.004251482909358952,0.9879487186733513,0.15299901412485187
1603972772884038984,,1742,,1603972772,841155064,"""map_zed""",,,-8.253042918576105,-2.4009657626042498,3.878146765439572,,-0.02266993848402007,0.004397920635505571,0.987895332914324,0.1533934268125969
1603972772953097064,,1743,,1603972772,907903064,"""map_zed""",,,-8.253335284356224,-2.400785418595382,3.878216043242306,,-0.022617623253973807,0.004516601571290625,0.9879009742890765,0.153361365497575
1603972773019145064,,1744,,1603972772,974779064,"""map_zed""",,,-8.253567026492545,-2.400403771048224,3.8783413327964316,,-0.02269687369258941,0.004509998588667987,0.9878978955351901,0.1533696835572641
1603972773085363208,,1745,,1603972773,41527064,"""map_zed""",,,-8.253939010535422,-2.400179843496619,3.8784785341633476,,-0.022492097564408155,0.0045934784899517855,0.9878384415472418,0.15377977404077628
1603972773152220584,,1746,,1603972773,108281064,"""map_zed""",,,-8.254414818581443,-2.39987662226735,3.878625409405441,,-0.022476854653203374,0.004770123114608598,0.9877973572620037,0.15404031263462062
1603972773218525672,,1747,,1603972773,175031064,"""map_zed""",,,-8.254918345073397,-2.3997513326223445,3.878793851453545,,-0.022456625304348332,0.004943470898376607,0.9876866860976957,0.1547458308994746
1603972773286862088,,1748,,1603972773,241781064,"""map_zed""",,,-8.256098760031312,-2.399587899456121,3.878724617864343,,-0.022053209714051995,0.004869060047768263,0.9874759755450481,0.15614463140599766
1603972773355350536,,1749,,1603972773,308654064,"""map_zed""",,,-8.259007765056479,-2.3990422922331263,3.878442015303933,,-0.02167220773246004,0.004511650159035962,0.9868176520427778,0.1603149464074474
1603972773420045928,,1750,,1603972773,375403064,"""map_zed""",,,-8.263246937005784,-2.397768704259985,3.8778167950859754,,-0.021569516115297827,0.00374658422211926,0.9857248483628257,0.1669348447787426
1603972773487354312,,1751,,1603972773,442153064,"""map_zed""",,,-8.267879098599073,-2.395546807023181,3.877209255750136,,-0.0220751589013189,0.0021836601095694226,0.9846198898881953,0.1732962533483212
1603972773555194216,,1752,,1603972773,508906064,"""map_zed""",,,-8.271907948903587,-2.3957439441137387,3.877000312540437,,-0.022977446523703954,0.0010500885265817875,0.9831616019944028,0.18128485493591653
1603972773622059784,,1753,,1603972773,575656064,"""map_zed""",,,-8.273844710321526,-2.3942175830526597,3.877155025066873,,-0.022459942989873697,0.0021423252900900623,0.9817873301757,0.18863880753894238
1603972773687814952,,1754,,1603972773,642532064,"""map_zed""",,,-8.274936832455525,-2.3938343176131416,3.876975129716866,,-0.02211899289782537,0.001826981181985327,0.9803749827775142,0.19588850256443155
1603972773753360360,,1755,,1603972773,709287064,"""map_zed""",,,-8.277568683158332,-2.389145293336957,3.8757238207157028,,-0.021707220445285995,0.0,0.9784602888826672,0.20529067114749044
1603972773821777768,,1756,,1603972773,776028064,"""map_zed""",,,-8.278897474063038,-2.3886142138914255,3.8748588630968213,,-0.022746380167543535,0.0,0.9753855144568854,0.21933011735042351
1603972773888352136,,1757,,1603972773,842778064,"""map_zed""",,,-8.279580368797422,-2.3825487963794205,3.8738115679023575,,-0.021604347994282812,0.0,0.972702915103332,0.23104608002998495
1603972773955597928,,1758,,1603972773,909547064,"""map_zed""",,,-8.280367987830667,-2.377599176592008,3.872708098116437,,-0.021263724811426778,-0.0014950499606222467,0.9698007388844991,0.24296531787857858
1603972774021550280,,1759,,1603972773,976407064,"""map_zed""",,,-8.280732210211209,-2.373369949022868,3.8715383273280017,,-0.021683893536563775,-0.003600556775867083,0.9662649977449645,0.25661020806842877
1603972774089437192,,1760,,1603972774,43153064,"""map_zed""",,,-8.280972388231552,-2.3697942199710953,3.870416706875153,,-0.02071242218395893,-0.003856340186106209,0.9622846831108401,0.27122741907468034
1603972774153887976,,1761,,1603972774,109903064,"""map_zed""",,,-8.279995433217968,-2.3658516487184316,3.8692777735358943,,-0.020682183392790886,-0.002831399586957995,0.9583651130204032,0.28478156648890746
1603972774220619880,,1762,,1603972774,176654064,"""map_zed""",,,-8.279916394979566,-2.3614498829296893,3.867643112492636,,-0.021272129879701403,-0.005661483739390825,0.9533493921789649,0.3010654090463533
1603972774286689896,,1763,,1603972774,243429064,"""map_zed""",,,-8.278835752126687,-2.3569453835331067,3.8671844483345414,,-0.02064504688167575,-0.0060038246082845985,0.9474294907893422,0.31924143858837317
1603972774359007688,,1764,,1603972774,310144064,"""map_zed""",,,-8.27752235164018,-2.35700171498757,3.866921568566502,,-0.020130502492941387,-0.005595296275982409,0.9420428478638591,0.33484134798067533
1603972774422175688,,1765,,1603972774,377031064,"""map_zed""",,,-8.276765743642581,-2.355834513819866,3.8666822515452552,,-0.01958229962372651,-0.007999098903893536,0.9379440001776878,0.3461410124340224
1603972774489301544,,1766,,1603972774,443779064,"""map_zed""",,,-8.276561288832843,-2.3564725864227953,3.8633987856029184,,-0.019914306056673,-0.008502966313537285,0.9328868960212401,0.35951795394668146
1603972774623240648,,1767,,1603972774,577278064,"""map_zed""",,,-8.275699083381484,-2.347133910508301,3.862756237916994,,-0.019028877583367416,-0.009673639070446062,0.9234852070509249,0.38303967794885463
1603972774691106920,,1768,,1603972774,644031064,"""map_zed""",,,-8.275472134036828,-2.3447637903155103,3.863718262689964,,-0.020090488917267786,-0.009549613205933444,0.9176905246678216,0.3966727594347518
1603972774756376936,,1769,,1603972774,710904064,"""map_zed""",,,-8.274828414554968,-2.341264580293995,3.8640139106437648,,-0.019364984287031317,-0.009941051499021239,0.9117337864054877,0.4102044314794383
1603972774824571784,,1770,,1603972774,777653064,"""map_zed""",,,-8.273819806223456,-2.337557212147482,3.8647144410887275,,-0.01861802275977417,-0.01167479885999196,0.9037691226970144,0.4274557768466396
1603972774890630056,,1771,,1603972774,844405064,"""map_zed""",,,-8.272785575841427,-2.337086421378098,3.8658554536328187,,-0.019423760274331816,-0.01163196179250778,0.8953688052768944,0.44474949976215794
1603972774956958760,,1772,,1603972774,911154064,"""map_zed""",,,-8.271410144574277,-2.334918661047782,3.8666179157473866,,-0.018872797365467694,-0.012670639819305714,0.8866409601272296,0.4618994265322658
1603972775024045576,,1773,,1603972774,977901064,"""map_zed""",,,-8.269229318955313,-2.3326493164986037,3.8660884321774303,,-0.018230619042251622,-0.014752337816896255,0.8768122856331454,0.48026058428841706
1603972775090431688,,1774,,1603972775,44778064,"""map_zed""",,,-8.26634840027399,-2.3307175316480753,3.866307063300148,,-0.018077537612617718,-0.015401191244432469,0.8666704390651047,0.49831551851494227
1603972775157616648,,1775,,1603972775,111563064,"""map_zed""",,,-8.264100602612427,-2.331271554720959,3.8662203340996038,,-0.01686691855445406,-0.016430592068157283,0.855790312045888,0.5167866914996644
1603972775223821512,,1776,,1603972775,178281064,"""map_zed""",,,-8.262356837783337,-2.3327851761325147,3.863538725765374,,-0.015654058623944568,-0.018759549923917516,0.8438449230829571,0.536030573309367
1603972775289831752,,1777,,1603972775,245028064,"""map_zed""",,,-8.259714722860215,-2.333433988838664,3.8650218689216307,,-0.017034384665815205,-0.01923178803786856,0.8311087153690769,0.5555162205601977
1603972775355048136,,1778,,1603972775,311805064,"""map_zed""",,,-8.257612374693096,-2.333818921798525,3.865142138190542,,-0.015475992938771667,-0.020612539582463226,0.8185202423350878,0.5738991459675035
1603972775423711240,,1779,,1603972775,378653064,"""map_zed""",,,-8.256733913317941,-2.3361419742916274,3.8672824006539694,,-0.014828402645881214,-0.02000910801843589,0.8045695476630956,0.5933359900128087
1603972775490678984,,1780,,1603972775,445408064,"""map_zed""",,,-8.255894864230823,-2.3386982865043797,3.8675758493732735,,-0.015295366734310444,-0.021271079747648386,0.7905356276426644,0.6118553867953204
1603972775558412008,,1781,,1603972775,512154064,"""map_zed""",,,-8.254343542109812,-2.338955792214076,3.8679011252956106,,-0.014148048705612908,-0.02150378509173714,0.7768211172069485,0.6291950188978775
1603972775623735496,,1782,,1603972775,578903064,"""map_zed""",,,-8.253318279949081,-2.339673882648036,3.8696396557854116,,-0.013088875434051949,-0.02065839429632219,0.7635014047743497,0.6453429452566783
1603972775690583496,,1783,,1603972775,645653064,"""map_zed""",,,-8.252952435824977,-2.3391557699740937,3.869227204327482,,-0.012804588181853142,-0.021314469895812045,0.7530769634539914,0.6574624118605328
1603972775760644872,,1784,,1603972775,712531064,"""map_zed""",,,-8.25142272657445,-2.3387676225986938,3.869808281659074,,-0.012499546689408511,-0.02090327078735333,0.7431147728616365,0.6687206060513974
1603972775823620712,,1785,,1603972775,779279064,"""map_zed""",,,-8.2508117669408,-2.3371503606219557,3.86971450479122,,-0.011681178619645523,-0.022380519725290718,0.7302981040870957,0.6826619526307843
1603972775891265448,,1786,,1603972775,846028064,"""map_zed""",,,-8.250718330199282,-2.334973642984831,3.8697773087643377,,-0.011629399695287881,-0.021921055112029315,0.718411019228434,0.6951761157121734
1603972775957846152,,1787,,1603972775,912780064,"""map_zed""",,,-8.250518888628102,-2.334749100444143,3.869908567637714,,-0.010982258498176032,-0.022887452101107823,0.7054946584991739,0.7082604332897136
1603972776023699880,,1788,,1603972775,979530064,"""map_zed""",,,-8.250570420798256,-2.3340205292102643,3.869694590720095,,-0.01015020340937405,-0.02500058320326184,0.6921946357303135,0.7212063022994347
1603972776092206952,,1789,,1603972776,46406064,"""map_zed""",,,-8.249556601059565,-2.336266784188645,3.87211247058266,,-0.010946923913941442,-0.023775523630695027,0.6766951113235875,0.735797944848765
1603972776157983688,,1790,,1603972776,113153064,"""map_zed""",,,-8.236193571061923,-2.3417160777569466,3.8748602529316454,,-0.010810634672947135,-0.023788056618884883,0.6660749656102269,0.7454269908767724
1603972776225527976,,1791,,1603972776,179904064,"""map_zed""",,,-8.177229823999498,-2.334373411551463,3.8784660154659374,,-0.010250272549226867,-0.025712250603047243,0.6517161930353501,0.7579576609660351
1603972776290563048,,1792,,1603972776,246654064,"""map_zed""",,,-8.158037561761978,-2.32315777370488,3.8758619726049512,,-0.010803050516766973,-0.025431380041204505,0.6362764926763176,0.7709661236891384
1603972776358523528,,1793,,1603972776,313406064,"""map_zed""",,,-8.159368373617447,-2.3254763758797834,3.876301583083387,,-0.009062847055682203,-0.024431146501050025,0.6206184579834927,0.7836795987481627
1603972776425793352,,1794,,1603972776,380153064,"""map_zed""",,,-8.160284908310716,-2.327469160426526,3.878177062171597,,-0.009122663148028618,-0.023734750149333638,0.6037124971880609,0.7967964981043729
1603972776492338792,,1795,,1603972776,447032064,"""map_zed""",,,-8.159618349585356,-2.3285516820522285,3.8781023058148882,,-0.008986066891383345,-0.02468689121341912,0.5854319841819301,0.8102957484158786
1603972776559961576,,1796,,1603972776,513778064,"""map_zed""",,,-8.158280228759391,-2.3292428778229324,3.8782233689370407,,-0.008101827502171768,-0.025007736052577972,0.5685183431961757,0.8222504891929983
1603972776625532840,,1797,,1603972776,580528064,"""map_zed""",,,-8.156634581992355,-2.329810132966539,3.87892485547999,,-0.007862882571029708,-0.025678034487728374,0.5491539157741788,0.8352896446217967
1603972776692192808,,1798,,1603972776,647281064,"""map_zed""",,,-8.154152482372265,-2.329696892568429,3.8793708504236992,,-0.00799816727470182,-0.024753800712370738,0.5288243120234402,0.8483325560671789
1603972776759256488,,1799,,1603972776,714021064,"""map_zed""",,,-8.152114444164567,-2.3312373111763662,3.879617018432619,,-0.006626742853947015,-0.025385636690642782,0.5111353964089945,0.8590996812167832
1603972776824535656,,1800,,1603972776,780905064,"""map_zed""",,,-8.150428107703116,-2.3327086958308234,3.8813924653052845,,-0.0078780287344356,-0.026592003001877418,0.49250611330046545,0.869866961322981
1603972776890761672,,1801,,1603972776,847653064,"""map_zed""",,,-8.149190515958917,-2.3331646515418596,3.882769672722466,,-0.009102222802052962,-0.026317975397866896,0.4694334121332544,0.8825286314244707
1603972776959283368,,1802,,1603972776,914404064,"""map_zed""",,,-8.15085100251776,-2.3357767091381403,3.882902879163741,,-0.008110100523989009,-0.027336664904226298,0.44599518842888924,0.8945810331768076
1603972777026684392,,1803,,1603972776,981153064,"""map_zed""",,,-8.151298998505638,-2.3380495787324302,3.8836312638969037,,-0.007857194904489238,-0.02810296159489169,0.42059193986112364,0.9067805181860084
1603972777092831336,,1804,,1603972777,47905064,"""map_zed""",,,-8.149993310051224,-2.339227258064303,3.8837734787378366,,-0.007633055524851239,-0.028355806934310345,0.395047066761719,0.9181914286898024
1603972777160444552,,1805,,1603972777,114778064,"""map_zed""",,,-8.150410962540708,-2.339788820668454,3.883045824772339,,-0.00618957858753642,-0.02869535195398376,0.3718942349163514,0.9278108341300652
1603972777228392712,,1806,,1603972777,181527064,"""map_zed""",,,-8.151197278286414,-2.340114512718642,3.882742658013569,,-0.005561907333391303,-0.029857110357474324,0.3472437575137866,0.9372829834236952
1603972777294573992,,1807,,1603972777,248278064,"""map_zed""",,,-8.151541733485516,-2.3411657785566593,3.8826399039667825,,-0.0061290967482667625,-0.029339822107092295,0.32235914576313973,0.9461427958583384
1603972777361125704,,1808,,1603972777,315028064,"""map_zed""",,,-8.152225607274644,-2.3423502185097096,3.883528539475864,,-0.005716489178295748,-0.02869457387014727,0.29912591064251143,0.9537649777404145
1603972777426664232,,1809,,1603972777,381779064,"""map_zed""",,,-8.151944408103882,-2.342197187087978,3.8845733793101944,,-0.005217702735839694,-0.029427555260296993,0.2795437054517363,0.9596677087991841
1603972777494187368,,1810,,1603972777,448653064,"""map_zed""",,,-8.154050032759528,-2.3430451810582267,3.885000044750449,,-0.004620970144600553,-0.029606768334601775,0.2578342213052196,0.9657243914428355
1603972777559566408,,1811,,1603972777,515407064,"""map_zed""",,,-8.15395074922596,-2.342936809765402,3.885195163590186,,-0.005643029307428762,-0.028910311327551647,0.23295919910280474,0.9720403086665488
1603972777627880648,,1812,,1603972777,582156064,"""map_zed""",,,-8.156520432660182,-2.346317404656403,3.8870962016758828,,-0.005559227642241681,-0.029611551405595748,0.20692128735521093,0.9778935687745562
1603972777694622184,,1813,,1603972777,648902064,"""map_zed""",,,-8.157038834114475,-2.3505079371978153,3.887980545869568,,-0.0061582027304300365,-0.030470179062666813,0.18335112360746741,0.9825558560198494
1603972777763133736,,1814,,1603972777,715653064,"""map_zed""",,,-8.161152281953205,-2.3556579826822324,3.88817341757195,,-0.00557795873741502,-0.029314164507433,0.15927177904050815,0.9867836979484543
1603972777829374376,,1815,,1603972777,782531064,"""map_zed""",,,-8.163627124029867,-2.3612712832942013,3.8892080267655214,,-0.004590233234672193,-0.030827769421583273,0.13625326492753415,0.9901836325590967
1603972777892488008,,1816,,1603972777,849280064,"""map_zed""",,,-8.165284121764696,-2.3657335857968658,3.888390729641147,,-0.00457234410536892,-0.031767376412052274,0.1161561780903766,0.9927122794428977
1603972777961489736,,1817,,1603972777,916026064,"""map_zed""",,,-8.167699151667833,-2.368454073670331,3.8891832796671455,,-0.004375841809548982,-0.030768497901627834,0.09535254266362386,0.994958312771403
1603972778028247880,,1818,,1603972777,982778064,"""map_zed""",,,-8.16990194351246,-2.3693981826859822,3.888617269091688,,-0.0029625635828733265,-0.03230876027061649,0.07600511431763456,0.9965794448132856
1603972778095696936,,1819,,1603972778,49527064,"""map_zed""",,,-8.170784815158884,-2.372642267363866,3.889336831447095,,-0.0035547411506011333,-0.032683856758703486,0.05816711108123976,0.9977653614508731
1603972778160627176,,1820,,1603972778,116405064,"""map_zed""",,,-8.190544335249994,-2.3764199566633124,3.889279853461553,,-0.004348514252816036,-0.03153315271262397,0.03951742606290517,0.998711732053428
1603972778293774184,,1821,,1603972778,249915064,"""map_zed""",,,-8.19181916460595,-2.3819471037380637,3.8864040522822103,,-0.002577967836695559,-0.03406418283724133,0.006083953495843533,0.9993978041997713
1603972778360481704,,1822,,1603972778,316654064,"""map_zed""",,,-8.190143108551148,-2.384863134622711,3.8836317700836704,,-0.004289864016250432,-0.03580844707613637,-0.006904260591433504,0.9993256142871567
1603972778427077704,,1823,,1603972778,383402064,"""map_zed""",,,-8.417361926158147,-2.3856508285040157,3.8551507208175653,,0.0,-0.03697458175462624,-0.01095711922059009,0.9992561342531034
1603972778493498568,,1824,,1603972778,450278064,"""map_zed""",,,-8.419059552265256,-2.3839737314362615,3.8539586085858586,,0.0,-0.03769539433195651,-0.014283258868784522,0.99918719255315
1603972778561111432,,1825,,1603972778,517026064,"""map_zed""",,,-8.418195700729022,-2.382652557547803,3.851652504130974,,0.0,-0.0388760538664481,-0.01551060232832177,0.9991236528334146
1603972778628905736,,1826,,1603972778,583784064,"""map_zed""",,,-8.414997936322502,-2.382476588004797,3.8517181957703586,,0.0,-0.039408258914494954,-0.021979754402159716,0.9989814210112963
1603972778696060488,,1827,,1603972778,650530064,"""map_zed""",,,-8.424117599964916,-2.3880119956091206,3.8507391007768472,,0.0,-0.03921781139953275,-0.0220166826304222,0.9989881025092251
1603972778764436712,,1828,,1603972778,717292064,"""map_zed""",,,-8.428658137460095,-2.388152488609916,3.849958588073747,,0.0,-0.039342040360626315,-0.026881513082716503,0.9988641489785518
1603972778827553032,,1829,,1603972778,784028064,"""map_zed""",,,-8.42906843157775,-2.3896642603486025,3.850274304296425,,0.0,-0.03957297088474569,-0.03253806754382704,0.9986867647745555
1603972778893976360,,1830,,1603972778,850904064,"""map_zed""",,,-8.428548095843082,-2.3913670691677185,3.850734026692678,,0.0,-0.039346390680022415,-0.03483537746023469,0.998618224356865
1603972778960224520,,1831,,1603972778,917655064,"""map_zed""",,,-8.428131189664485,-2.3921436157010074,3.8502037054047586,,0.0,-0.03964483003065679,-0.03489030891458831,0.9986045031921721
1603972779027476232,,1832,,1603972778,984404064,"""map_zed""",,,-8.4280758957193,-2.3923264429135997,3.8501340382078624,,0.0,-0.03959818226047748,-0.03554381142063014,0.9985833072064446
1603972779094190632,,1833,,1603972779,51159064,"""map_zed""",,,-8.427039404289786,-2.392508313445491,3.849867973118714,,0.0,-0.03972816918313331,-0.0385260528603417,0.998467533685677
1603972779161488392,,1834,,1603972779,117903064,"""map_zed""",,,-8.427046629311251,-2.392557574292682,3.8494233159581914,,0.0,-0.04030035507652365,-0.03881851071905872,0.998433274989501
1603972779228904520,,1835,,1603972779,184776064,"""map_zed""",,,-8.426637212562925,-2.3925073556552214,3.8494540325005207,,0.0,-0.0391700706280057,-0.03979487559016222,0.9984398196405032
1603972779297097992,,1836,,1603972779,251549064,"""map_zed""",,,-8.426802244672025,-2.3923586910340893,3.8492231973011473,,0.0,-0.039729668630948727,-0.04334470852432987,0.9982698982106071
1603972779364563400,,1837,,1603972779,318296064,"""map_zed""",,,-8.433689575453823,-2.394843056130889,3.850319852194498,,0.0,-0.038963147040670575,-0.04329466009485439,0.9983022816662086
1603972779429653576,,1838,,1603972779,385022064,"""map_zed""",,,-8.424378021363205,-2.389280605304145,3.850197251843467,,0.0,-0.03926126594866064,-0.04621593531948216,0.9981596266723344
1603972779496805992,,1839,,1603972779,451780064,"""map_zed""",,,-8.420485142544853,-2.388293997127404,3.8500005394994754,,0.0,-0.03917140318044665,-0.049216688658716354,0.9980196985682928
1603972779563186088,,1840,,1603972779,518655064,"""map_zed""",,,-8.40629096436667,-2.378897406028252,3.849499491185545,,0.0,-0.03971391302407765,-0.05162355884631532,0.9978766523395349
1603972779629831528,,1841,,1603972779,585406064,"""map_zed""",,,-8.406475786535665,-2.380163631562353,3.850073230615782,,0.0,-0.038925843817709145,-0.051931786679613956,0.9978917116678254
1603972779695411464,,1842,,1603972779,652155064,"""map_zed""",,,-8.408491343601982,-2.380030823606946,3.8494350874693213,,0.0,-0.03967693718483127,-0.055483813718028296,0.9976709312548573
1603972779762654312,,1843,,1603972779,718906064,"""map_zed""",,,-8.408575245517511,-2.381399581698623,3.84973736077411,,0.0,-0.03970340605991053,-0.05555560843461187,0.9976658829080516
1603972779829541640,,1844,,1603972779,785660064,"""map_zed""",,,-8.408923583630955,-2.3815753330928158,3.849998257095627,,0.0,-0.039269234805184274,-0.05494147965035297,0.997717074631704
1603972779895221512,,1845,,1603972779,852526064,"""map_zed""",,,-8.409593798440886,-2.381367671301657,3.849985924032067,,0.0,-0.03956373285548363,-0.059440275563599244,0.9974475247768493
1603972779965024488,,1846,,1603972779,919282064,"""map_zed""",,,-8.410801237300003,-2.381199447307795,3.849790703675641,,0.0,-0.03990854438808707,-0.05926591588725393,0.9974441634993254
1603972780031255688,,1847,,1603972779,986033064,"""map_zed""",,,-8.411080963872704,-2.380740708449883,3.8503519555596606,,0.0,-0.03914705239524726,-0.06031415923576998,0.9974115050892716
1603972780095858728,,1848,,1603972780,52778064,"""map_zed""",,,-8.409495659573238,-2.380583739366366,3.8506959713856532,,0.0,-0.039371761671579825,-0.061639901842172155,0.997321606546135
1603972780163036040,,1849,,1603972780,119528064,"""map_zed""",,,-8.409422615506942,-2.379984096267787,3.851134769526793,,0.0,-0.039249899172558084,-0.06201083906274641,0.9973034148410794
1603972780229449096,,1850,,1603972780,186406064,"""map_zed""",,,-8.408230993410912,-2.379961427279774,3.851458549477766,,0.0,-0.03933390762637154,-0.06288703789338738,0.9972452377303367
1603972780296325384,,1851,,1603972780,253154064,"""map_zed""",,,-8.408444021919465,-2.380577687389476,3.8516537414127,,0.0,-0.03907123521554096,-0.06296940754389803,0.9972503659023156
1603972780363124840,,1852,,1603972780,319903064,"""map_zed""",,,-8.410679830655335,-2.3802739159700876,3.851154891455576,,0.0,-0.03967825899144111,-0.06512704804710591,0.9970878112664291
1603972780429564200,,1853,,1603972780,386655064,"""map_zed""",,,-8.411441952376384,-2.380386240759915,3.851524464406481,,0.0,-0.03879797228414365,-0.06414147503415682,0.9971863359107371
1603972780497114120,,1854,,1603972780,453403064,"""map_zed""",,,-8.412735628222013,-2.3808208555364754,3.851579818937363,,0.0,-0.03928574023775972,-0.06864654299368574,0.9968672342639151
1603972780564075048,,1855,,1603972780,520287064,"""map_zed""",,,-8.413177470436928,-2.380817688630306,3.8514490064149682,,0.0,-0.039778776405282816,-0.0685782470092553,0.9968523827452268
1603972780631399400,,1856,,1603972780,587028064,"""map_zed""",,,-8.413297835813049,-2.380780714375628,3.8515267976984764,,0.0,-0.039224260603980314,-0.06902701562992591,0.996843382128455
1603972780696915240,,1857,,1603972780,653777064,"""map_zed""",,,-8.413110927938037,-2.380674868554188,3.851625505233268,,0.0,-0.03927475209900579,-0.07025308039121106,0.9967557366492091
1603972780764256936,,1858,,1603972780,720530064,"""map_zed""",,,-8.399130219706302,-2.374476972780662,3.8498316964962487,,0.000559396452055232,-0.041200491966462305,-0.07098039887433709,0.9966263038436076
1603972780831419080,,1859,,1603972780,787282064,"""map_zed""",,,-8.411588780553355,-2.3795786581141987,3.852165390630254,,0.0,-0.0389501540209184,-0.07173409342842466,0.9966629848357712
1603972780898014696,,1860,,1603972780,854028064,"""map_zed""",,,-8.438831698391503,-2.3916009297680807,3.85548840476432,,0.0,-0.03864596009994507,-0.0723125390715078,0.9966330249700665
1603972780964719496,,1861,,1603972780,920906064,"""map_zed""",,,-8.418812114771773,-2.381526268213367,3.8524684284152286,,0.0,-0.03989884392643165,-0.07415992852119278,0.9964478848665723
1603972781030823880,,1862,,1603972780,987656064,"""map_zed""",,,-8.414615299696662,-2.3813050114485597,3.8527283851647636,,0.0,-0.03994886070373593,-0.07454762806349222,0.9964169507182125
1603972781097584936,,1863,,1603972781,54394064,"""map_zed""",,,-8.416629561528561,-2.380410437727417,3.8530249187124537,,0.0,-0.03938045644308101,-0.07689744252357031,0.9962609913991759
1603972781164591528,,1864,,1603972781,121155064,"""map_zed""",,,-8.415241758491426,-2.381035562686108,3.8529404374808855,,0.0,-0.03984465860593854,-0.07706566449255703,0.9962295350655374
1603972781232755336,,1865,,1603972781,187907064,"""map_zed""",,,-8.415987051841599,-2.3811342655197514,3.8524990959592733,,0.0,-0.0403587352166478,-0.08066825940072925,0.9959235936641773
1603972781300103752,,1866,,1603972781,254779064,"""map_zed""",,,-8.416041495334,-2.3820666271877444,3.852978070003121,,0.0,-0.040005147680249556,-0.07974418319485851,0.996012275730408
1603972781367916552,,1867,,1603972781,321527064,"""map_zed""",,,-8.432413114612675,-2.386888749164826,3.8538149879746917,,0.0,-0.03946889443203461,-0.08473956412666847,0.9956211190226607
1603972781432997672,,1868,,1603972781,388280064,"""map_zed""",,,-8.421698090953209,-2.3840759230245907,3.853746704882112,,0.0,-0.04072957203617214,-0.08418498075580876,0.995617391861399
1603972781499031144,,1869,,1603972781,455033064,"""map_zed""",,,-8.41980892763707,-2.383222407497011,3.853367168641207,,0.0,-0.040141614230338234,-0.08481867600210403,0.9955874863658305
1603972781568057480,,1870,,1603972781,521778064,"""map_zed""",,,-8.441775407865284,-2.3819561146707438,3.8564943883879947,,0.0,-0.039467570417689446,-0.08865790585672802,0.995279903652447
1603972781632856392,,1871,,1603972781,588653064,"""map_zed""",,,-8.423477759162575,-2.381812486709667,3.8534400048815156,,0.0,-0.0408568756437442,-0.08870741059246162,0.9952194285777444
1603972781700210952,,1872,,1603972781,655405064,"""map_zed""",,,-8.418605485737286,-2.3820598018482024,3.852635274220893,,0.0,-0.04116264547447623,-0.09284071099539615,0.9948297537767011
1603972781766769672,,1873,,1603972781,722155064,"""map_zed""",,,-8.417859570671709,-2.382274574959353,3.8525848819955475,,0.0,-0.04083682259177645,-0.0917988353513115,0.9949398613729126
1603972781833548616,,1874,,1603972781,788904064,"""map_zed""",,,-8.418158396280239,-2.3824877035376426,3.8519227249584924,,0.0,-0.04093685876381861,-0.09260769251175387,0.9948607886946794
1603972781900528168,,1875,,1603972781,855653064,"""map_zed""",,,-8.418182367156243,-2.3825651284159433,3.8521994388110143,,0.0,-0.04040065658797166,-0.09292099978762633,0.9948534941114339
1603972781967588392,,1876,,1603972781,922535064,"""map_zed""",,,-8.41963666522474,-2.3820220530018856,3.8537549983900288,,0.0,-0.03956415441141992,-0.0926514476667908,0.9949122508698731
1603972782034440936,,1877,,1603972781,989279064,"""map_zed""",,,-8.41950103512988,-2.3826678442290232,3.852964594120266,,0.0,-0.04046973847507248,-0.09181516509855922,0.9949533535426088
1603972782101889192,,1878,,1603972782,56029064,"""map_zed""",,,-8.41955248592964,-2.382761918255221,3.852829954446276,,0.0,-0.04039197344214308,-0.09183058115243341,0.994955090869259
1603972782168834024,,1879,,1603972782,122778064,"""map_zed""",,,-8.419563408137147,-2.3828126765532334,3.85274002510868,,0.0,-0.040455750266878844,-0.09184252619252407,0.9949513971309952
1603972782233739720,,1880,,1603972782,189529064,"""map_zed""",,,-8.419611706132436,-2.382877058244442,3.8526862282929435,,0.0,-0.040438616042474694,-0.09186376309504572,0.9949501331034569
1603972782301681608,,1881,,1603972782,256399064,"""map_zed""",,,-8.419754720559665,-2.3827917270689203,3.8526184001027115,,0.0,-0.040406923266941196,-0.09196000977840518,0.9949425295732689
1603972782369671560,,1882,,1603972782,323153064,"""map_zed""",,,-8.419780962530387,-2.382899685561263,3.852572909237813,,0.0,-0.04041815342047393,-0.09187559447293529,0.9949498721113159
1603972782434416328,,1883,,1603972782,389902064,"""map_zed""",,,-8.438322243475582,-2.380105285850135,3.8555609358221408,,0.0,-0.03980705057226032,-0.09245292189003156,0.9949210300112935
1603972782502053064,,1884,,1603972782,456657064,"""map_zed""",,,-8.423051761804958,-2.3813761405655876,3.8535378366514146,,0.0,-0.04040120611630524,-0.09195352940665706,0.9949433606864296
1603972782570114696,,1885,,1603972782,523403064,"""map_zed""",,,-8.421574313424994,-2.381773555305818,3.8531113916143056,,0.0,-0.040433464652019434,-0.09191162173777383,0.9949459225132622
1603972782634243400,,1886,,1603972782,590282064,"""map_zed""",,,-8.42143221790317,-2.3818826948269596,3.8530336230973363,,0.0,-0.04042683250591491,-0.09193578241093926,0.9949439597917197
1603972782700945576,,1887,,1603972782,657025064,"""map_zed""",,,-8.42124797936069,-2.382072443332704,3.8529325980298106,,0.0,-0.04043935864004038,-0.09189403224210299,0.994947307705825
1603972782770168264,,1888,,1603972782,723780064,"""map_zed""",,,-8.434675663370193,-2.3794188108448853,3.8554890000690016,,0.0,-0.039984460980547996,-0.09232695638273096,0.9949256133024199
1603972782834679016,,1889,,1603972782,790528064,"""map_zed""",,,-8.422987382045955,-2.381163383703428,3.8534915845731725,,0.0,-0.040399362361901135,-0.09195749371500586,0.9949430691604453
1603972782901252072,,1890,,1603972782,857281064,"""map_zed""",,,-8.421727174063822,-2.3815136307387124,3.853059972427457,,0.0,-0.04045428194111201,-0.09194623052263542,0.994941878586537
1603972782969105832,,1891,,1603972782,924167064,"""map_zed""",,,-8.421504365101107,-2.3816174011875684,3.8529977501870203,,0.0,-0.0404238830705583,-0.09196519210594152,0.9949413616482204
1603972783036791592,,1892,,1603972782,990903064,"""map_zed""",,,-8.421356141602907,-2.3817238723799834,3.8529277100312718,,0.0,-0.040416878591223955,-0.09196980933677425,0.9949412194172577
1603972783101258120,,1893,,1603972783,57650064,"""map_zed""",,,-8.421194090165269,-2.3818168971440015,3.852830600457131,,0.0,-0.04043383818905478,-0.0919463223936725,0.994942701127849
1603972783168567112,,1894,,1603972783,124406064,"""map_zed""",,,-8.421096267377939,-2.3819152891620203,3.852776564700135,,0.0,-0.04042461946250348,-0.09194971448916699,0.9949427622464885
1603972783234881192,,1895,,1603972783,191155064,"""map_zed""",,,-8.421009625252415,-2.381989712459373,3.8527256476508254,,0.0,-0.040440090831337185,-0.09199125741973792,0.9949382933689349
1603972783302056584,,1896,,1603972783,257903064,"""map_zed""",,,-8.420923267117214,-2.3820559699632367,3.85267805149053,,0.0,-0.04044120000466941,-0.09197069265842134,0.9949401494733804
1603972783369416488,,1897,,1603972783,324783064,"""map_zed""",,,-8.436865971991077,-2.37942024959016,3.8556242133646887,,0.0,-0.03982464371344225,-0.09254152954076458,0.994912088107966
1603972783436200968,,1898,,1603972783,391529064,"""map_zed""",,,-8.42298655799165,-2.381233513460859,3.853423122210371,,0.0,-0.04042019425184184,-0.09196672412008222,0.9949413699064202
1603972783502069224,,1899,,1603972783,458277064,"""map_zed""",,,-8.421754010555246,-2.381525651666944,3.8530387271079634,,0.0,-0.04045648320221891,-0.09199570689699652,0.9949372155465039
1603972783569473288,,1900,,1603972783,525031064,"""map_zed""",,,-8.42149270379255,-2.381650106165235,3.8529238093528364,,0.0,-0.04045648320221891,-0.09199570689699652,0.9949372155465039
1603972783635818600,,1901,,1603972783,591782064,"""map_zed""",,,-8.421353467342355,-2.3817454735968755,3.8528484690818403,,0.0,-0.04045648320221891,-0.09199570689699652,0.9949372155465039
1603972783703029320,,1902,,1603972783,658652064,"""map_zed""",,,-8.421239026424386,-2.3818296353552983,3.8527836192283247,,0.0,-0.04045648320221891,-0.09199570689699652,0.9949372155465039
1603972783770176456,,1903,,1603972783,725403064,"""map_zed""",,,-8.421136029598214,-2.3819056908820317,3.852725445095024,,0.0,-0.04045648320221891,-0.09199570689699652,0.9949372155465039
1603972783836657672,,1904,,1603972783,792153064,"""map_zed""",,,-8.42104447686384,-2.381974355432813,3.8526725161704634,,0.0,-0.04045648320221891,-0.09199570689699652,0.9949372155465039
1603972783903244584,,1905,,1603972783,858905064,"""map_zed""",,,-8.420960553523996,-2.3820368211005376,3.852624832454643,,0.0,-0.04045648320221891,-0.09199570689699652,0.9949372155465039
1603972783970304904,,1906,,1603972783,925652064,"""map_zed""",,,-8.420884259578683,-2.3820930878852056,3.8525814402732466,,0.0,-0.04045648320221891,-0.09199570689699652,0.9949372155465039
1603972784037250344,,1907,,1603972783,992528064,"""map_zed""",,,-8.420815595027902,-2.382143871042554,3.852542339626274,,0.0,-0.04045648320221891,-0.09199570689699652,0.9949372155465039
1603972784103409160,,1908,,1603972784,59287064,"""map_zed""",,,-8.420754559871652,-2.382190362665479,3.852507530513725,,0.0,-0.04045648320221891,-0.09199570689699652,0.9949372155465039
1603972784171298280,,1909,,1603972784,126032064,"""map_zed""",,,-8.420697339412667,-2.3822318474982427,3.8524755824241255,,0.0,-0.04045648320221891,-0.09199570689699652,0.9949372155465039
1603972784237434408,,1910,,1603972784,192779064,"""map_zed""",,,-8.420647748348214,-2.382269994470899,3.852446495357475,,0.0,-0.04045648320221891,-0.09199570689699652,0.9949372155465039
1603972784303614408,,1911,,1603972784,259529064,"""map_zed""",,,-8.420601971981027,-2.3823043267462896,3.8524197924766157,,0.0,-0.04045648320221891,-0.09199570689699652,0.9949372155465039
1603972784370970632,,1912,,1603972784,326405064,"""map_zed""",,,-8.420602092740243,-2.382325676158612,3.8522242893943477,,0.005069960739268115,-0.0011708573205489673,-0.09228160048872508,0.9957193534337256
1603972784436913704,,1913,,1603972784,393153064,"""map_zed""",,,-8.420565852652908,-2.382353565692338,3.8521999210041336,,0.005074367479687509,-0.0011708573638692123,-0.09228160390302798,0.9957193306694408
1603972784504360968,,1914,,1603972784,459921064,"""map_zed""",,,-8.42053342772615,-2.3823783612245646,3.85217703282054,,0.005074367479687509,-0.0011708573638692123,-0.09228160390302798,0.9957193306694408
1603972784571475112,,1915,,1603972784,526655064,"""map_zed""",,,-8.420504817496658,-2.3824012494081583,3.8521570056598953,,0.005074367479687509,-0.0011708573638692123,-0.09228160390302798,0.9957193306694408
1603972784639416840,,1916,,1603972784,593403064,"""map_zed""",,,-8.420477160941482,-2.382421753405961,3.8521388858478836,,0.005074367479687509,-0.0011708573638692123,-0.09228160390302798,0.9957193306694408
1603972784704248264,,1917,,1603972784,660281064,"""map_zed""",,,-8.420453319083572,-2.382440350055131,3.8521221965473464,,0.005074367479687509,-0.0011708573638692123,-0.09228160390302798,0.9957193306694408
1603972784773092168,,1918,,1603972784,727028064,"""map_zed""",,,-8.420432338248611,-2.382457039355668,3.852106937758284,,0.005074367479687509,-0.0011708573638692123,-0.09228160390302798,0.9957193306694408
1603972784839733800,,1919,,1603972784,793776064,"""map_zed""",,,-8.42041135741365,-2.3824725365633097,3.852093109480696,,0.005074367479687509,-0.0011708573638692123,-0.09228160390302798,0.9957193306694408
1603972784904872200,,1920,,1603972784,860526064,"""map_zed""",,,-8.420394191275955,-2.3824861264223185,3.852081188551741,,0.005074367479687509,-0.0011708573638692123,-0.09228160390302798,0.9957193306694408
1603972785038153704,,1921,,1603972784,994153064,"""map_zed""",,,-8.420377978812576,-2.3824985241884318,3.8520702212971023,,0.005074367479687509,-0.0011708573638692123,-0.09228160390302798,0.9957193306694408
1603972785104805192,,1922,,1603972785,60903064,"""map_zed""",,,-8.420362720023514,-2.3825102066988078,3.852059730879622,,0.005074367479687509,-0.0011708573638692123,-0.09228160390302798,0.9957193306694408
1603972785172498376,,1923,,1603972785,127653064,"""map_zed""",,,-8.4203503222574,-2.38252022027913,3.852050670973616,,0.005074367479687509,-0.0011708573638692123,-0.09228160390302798,0.9957193306694408
